[0m[38;2;120;0;0;48;2;76;1;0m▀[48;2;95;0;0m▀[48;2;116;0;0m▀[48;2;120;0;0m▀▀▀▀▀▀▀▀▀▀▀▀▀▀▀▀▀▀▀▀▀▀▀▀▀▀▀▀▀▀▀▀▀▀▀▀▀▀▀▀▀▀▀▀▀▀▀▀▀[48;2;118;0;0m▀[38;2;92;0;0;48;2;39;0;0m▀[38;2;4;0;0;48;2;0;0;0m▀[38;2;0;0;0m▀▀▀▀▀▀▀▀▀▀▀[38;2;14;0;0m▀[38;2;109;0;0;48;2;90;0;0m▀[38;2;42;1;1;48;2;102;0;0m▀[38;2;14;0;0;48;2;13;0;0m▀[38;2;107;0;0;48;2;101;0;0m▀[38;2;24;0;0;48;2;56;1;0m▀[38;2;0;0;0;48;2;0;0;0m▀▀▀▀▀▀▀▀▀▀▀▀▀▀▀▀▀▀[0m
[38;2;0;0;0;48;2;0;0;0m▀[38;2;1;0;0m▀[38;2;26;0;0m▀[38;2;87;0;0;48;2;6;0;0m▀[38;2;119;0;0;48;2;77;0;0m▀[38;2;120;0;0;48;2;119;0;0m▀[48;2;120;0;0m▀▀▀▀▀▀▀▀▀▀▀▀▀▀▀▀▀▀▀▀▀▀▀▀▀[48;2;122;2;2m▀[38;2;121;1;1;48;2;131;20;19m▀[38;2;123;4;3;48;2;144;48;45m▀[38;2;122;3;3;48;2;139;38;36m▀[38;2;120;0;0;48;2;125;8;7m▀▀[38;2;121;1;1;48;2;129;16;16m▀[38;2;120;0;0;48;2;126;10;10m▀[48;2;121;1;1m▀[48;2;120;0;0m▀▀▀▀▀▀▀▀▀▀▀▀[38;2;95;0;0;48;2;61;6;4m▀[38;2;5;1;0;48;2;19;16;10m▀[38;2;0;0;0;48;2;13;11;6m▀[48;2;3;2;1m▀[48;2;0;0;0m▀▀▀▀▀▀▀▀▀▀▀[38;2;57;0;0;48;2;25;0;0m▀[38;2;119;0;0;48;2;116;0;0m▀[38;2;66;0;0;48;2;115;0;0m▀[38;2;80;0;0;48;2;80;0;0m▀[38;2;94;0;0;48;2;118;0;0m▀[38;2;5;0;0;48;2;38;0;0m▀[38;2;0;0;0;48;2;0;0;0m▀▀▀▀▀▀▀▀▀▀▀▀▀▀▀▀▀[0m
[38;2;0;0;0;48;2;0;0;0m▀▀▀▀[38;2;4;0;0m▀[38;2;87;0;0;48;2;24;0;0m▀[38;2;120;0;0;48;2;113;0;0m▀[48;2;120;0;0m▀▀▀▀▀▀▀▀▀▀▀▀▀▀▀▀▀▀▀▀▀▀▀▀[38;2;125;7;7;48;2;124;6;6m▀[38;2;170;108;94;48;2;149;58;55m▀[38;2;219;201;178;48;2;217;195;174m▀[38;2;191;145;131;48;2;198;156;144m▀[38;2;133;22;22;48;2;137;31;31m▀[38;2;142;43;40;48;2;148;59;53m▀[38;2;193;152;135;48;2;220;205;181m▀[38;2;146;54;49;48;2;156;74;66m▀[38;2;123;4;4;48;2;123;4;4m▀[38;2;120;0;0;48;2;120;0;0m▀▀▀▀▀▀▀▀▀▀▀[38;2;117;2;2;48;2;107;2;2m▀[38;2;53;31;22;48;2;49;39;28m▀[38;2;146;143;129;48;2;199;193;171m▀[38;2;77;75;67;48;2;106;102;90m▀[38;2;8;7;4;48;2;9;8;4m▀[38;2;0;0;0;48;2;0;0;0m▀▀▀▀▀▀▀▀▀▀▀[38;2;4;0;0m▀[38;2;90;0;0;48;2;40;0;0m▀[38;2;120;0;0;48;2;116;0;0m▀[38;2;116;0;0;48;2;141;45;45m▀[38;2;121;1;1;48;2;201;162;162m▀[38;2;97;1;0;48;2;126;15;15m▀[38;2;7;0;0;48;2;69;0;0m▀[38;2;0;0;0;48;2;3;0;0m▀[48;2;0;0;0m▀▀[48;2;25;11;11m▀[48;2;99;99;99m▀[48;2;17;17;17m▀[48;2;0;0;0m▀[48;2;17;17;17m▀[38;2;1;1;1;48;2;165;165;165m▀[38;2;0;0;0;48;2;57;57;57m▀[48;2;0;0;0m▀▀▀▀▀▀[0m
[38;2;0;0;0;48;2;0;0;0m▀▀▀▀▀[38;2;1;0;0m▀[38;2;84;0;0;48;2;36;0;0m▀[38;2;120;0;0;48;2;118;0;0m▀[48;2;120;0;0m▀[48;2;121;1;1m▀[38;2;121;1;1;48;2;128;13;13m▀[38;2;122;4;3;48;2;141;43;40m▀[38;2;122;3;2;48;2;143;45;43m▀[38;2;123;4;4;48;2;139;37;35m▀[38;2;124;7;6;48;2;147;57;54m▀[38;2;123;4;4;48;2;144;49;46m▀[38;2;122;2;2;48;2;136;29;29m▀[38;2;123;4;4;48;2;141;44;41m▀[38;2;124;7;6;48;2;148;58;55m▀[38;2;122;3;3;48;2;138;36;34m▀[38;2;120;0;0;48;2;124;7;7m▀[48;2;120;0;0m▀[48;2;124;6;5m▀[38;2;121;2;1;48;2;132;23;22m▀[38;2;122;3;3;48;2;141;45;41m▀[38;2;123;5;5;48;2;143;48;44m▀[38;2;122;3;2;48;2;135;29;28m▀[38;2;120;0;0;48;2;125;8;7m▀[48;2;122;4;3m▀[38;2;121;1;1;48;2;129;17;16m▀[38;2;123;4;4;48;2;140;41;39m▀[38;2;125;9;8;48;2;147;57;54m▀[38;2;143;42;41;48;2;154;67;64m▀[38;2;207;178;158;48;2;209;181;160m▀[38;2;198;157;145;48;2;198;157;145m▀[38;2;136;30;30;48;2;137;31;31m▀[38;2;130;19;18;48;2;136;30;29m▀[38;2;141;43;41;48;2;147;54;51m▀[38;2;132;21;21;48;2;135;29;28m▀[38;2;122;3;2;48;2;123;4;4m▀[38;2;120;0;0;48;2;123;6;5m▀[38;2;121;1;1;48;2;132;21;21m▀[38;2;122;3;3;48;2;141;44;41m▀[38;2;123;5;5;48;2;143;49;45m▀[38;2;122;3;2;48;2;136;30;29m▀[38;2;121;1;1;48;2;128;14;13m▀[38;2;122;3;3;48;2;137;35;32m▀[38;2;124;7;7;48;2;149;59;56m▀[38;2;123;6;5;48;2;146;54;50m▀[38;2;122;2;2;48;2;131;21;20m▀[38;2;122;3;3;48;2;137;35;32m▀[38;2;95;7;6;48;2;111;48;43m▀[38;2;21;17;10;48;2;42;40;32m▀[38;2;44;42;31;48;2;56;54;45m▀[38;2;28;26;17;48;2;39;37;29m▀[38;2;5;4;2;48;2;8;7;4m▀[38;2;1;1;0;48;2;14;12;7m▀[38;2;3;2;1;48;2;34;31;23m▀[38;2;5;4;2;48;2;48;46;37m▀[38;2;7;5;3;48;2;55;53;45m▀[38;2;4;3;1;48;2;40;38;30m▀[38;2;0;0;0;48;2;12;10;6m▀[48;2;1;1;0m▀[48;2;0;0;0m▀▀▀▀▀[38;2;1;0;0;48;2;3;0;0m▀[38;2;71;0;0;48;2;87;0;0m▀[38;2;176;111;111;48;2;192;144;144m▀[38;2;238;226;226;48;2;217;190;190m▀[38;2;131;27;27;48;2;123;8;8m▀[38;2;118;0;0;48;2;120;0;0m▀[38;2;64;0;0;48;2;119;0;0m▀[38;2;5;0;0;48;2;95;0;0m▀[38;2;0;0;0;48;2;55;2;1m▀[38;2;95;68;68;48;2;157;111;111m▀[38;2;236;234;234;48;2;238;236;236m▀[38;2;53;53;53;48;2;44;41;41m▀[38;2;0;0;0;48;2;0;0;0m▀[38;2;52;52;52;48;2;88;88;88m▀[38;2;239;239;239;48;2;239;239;239m▀[38;2;84;84;84;48;2;45;45;45m▀[38;2;0;0;0;48;2;0;0;0m▀▀▀▀▀▀[0m
[38;2;0;0;0;48;2;0;0;0m▀▀▀▀▀▀[38;2;9;0;0;48;2;1;0;0m▀[38;2;105;0;0;48;2;81;0;0m▀[38;2;120;0;0;48;2;120;0;0m▀[38;2;122;3;2;48;2;122;2;2m▀[38;2;149;61;56;48;2;136;30;29m▀[38;2;211;189;166;48;2;197;156;140m▀[38;2;202;170;148;48;2;222;206;184m▀[38;2;184;139;119;48;2;154;68;64m▀[38;2;202;171;150;48;2;153;64;62m▀[38;2;216;197;175;48;2;219;201;180m▀[38;2;181;127;113;48;2;205;176;156m▀[38;2;188;143;123;48;2;149;54;53m▀[38;2;211;189;166;48;2;167;94;86m▀[38;2;199;165;145;48;2;228;219;196m▀[38;2;139;37;35;48;2;158;78;71m▀[38;2;125;8;7;48;2;134;24;24m▀[38;2;138;34;32;48;2;175;115;103m▀[38;2;184;134;120;48;2;220;205;181m▀[38;2;187;141;123;48;2;168;98;92m▀[38;2;190;145;128;48;2;169;99;92m▀[38;2;195;156;139;48;2;227;215;194m▀[38;2;142;43;42;48;2;173;109;99m▀[38;2;131;19;19;48;2;148;53;52m▀[38;2;158;77;72;48;2;213;192;170m▀[38;2;211;188;165;48;2;198;159;142m▀[38;2;198;163;144;48;2;146;49;48m▀[38;2;193;153;132;48;2;152;62;59m▀[38;2;219;203;177;48;2;217;197;175m▀[38;2;199;159;146;48;2;199;159;146m▀[38;2;141;38;38;48;2;139;34;34m▀[38;2;177;121;108;48;2;151;61;58m▀[38;2;224;213;189;48;2;225;214;190m▀[38;2;169;99;92;48;2;176;112;105m▀[38;2;128;14;14;48;2;136;29;29m▀[38;2;137;31;30;48;2;171;106;96m▀[38;2;182;129;115;48;2;222;209;184m▀[38;2;188;143;125;48;2;170;101;94m▀[38;2;188;142;125;48;2;168;97;90m▀[38;2;198;161;142;48;2;225;210;189m▀[38;2;147;53;51;48;2;176;116;105m▀[38;2;164;92;83;48;2;146;48;47m▀[38;2;224;213;188;48;2;205;177;156m▀[38;2;205;176;156;48;2;209;182;162m▀[38;2;144;48;46;48;2;147;49;49m▀[38;2;166;97;86;48;2;157;74;67m▀[38;2;192;178;156;48;2;145;106;93m▀[38;2;124;120;105;48;2;63;62;55m▀[38;2;207;203;184;48;2;197;191;169m▀[38;2;137;134;122;48;2;146;144;131m▀[38;2;24;22;16;48;2;29;27;20m▀[38;2;52;50;40;48;2;68;64;50m▀[38;2;170;168;155;48;2;152;146;128m▀[38;2;117;115;107;48;2;46;44;33m▀[38;2;148;143;131;48;2;82;80;72m▀[38;2;183;179;162;48;2;224;218;194m▀[38;2;48;47;40;48;2;94;92;83m▀[38;2;5;4;2;48;2;10;8;5m▀[38;2;0;0;0;48;2;0;0;0m▀▀▀▀[48;2;15;0;0m▀[38;2;49;0;0;48;2;106;0;0m▀[38;2;120;3;3;48;2;125;11;11m▀[38;2;214;185;185;48;2;228;210;210m▀[38;2;196;151;151;48;2;175;111;111m▀[38;2;121;1;1;48;2;120;0;0m▀[38;2;120;0;0m▀▀▀▀[38;2;189;139;139;48;2;196;152;152m▀[38;2;233;221;221;48;2;220;194;194m▀[38;2;74;16;16;48;2;122;6;6m▀[38;2;7;0;0;48;2;98;1;1m▀[38;2;124;124;124;48;2;174;160;160m▀[38;2;212;212;212;48;2;179;179;179m▀[38;2;15;15;15;48;2;5;5;5m▀[38;2;0;0;0;48;2;0;0;0m▀▀▀▀▀▀[0m
[38;2;0;0;0;48;2;0;0;0m▀▀▀▀▀▀▀[38;2;52;0;0;48;2;29;1;1m▀[38;2;120;0;0;48;2;117;0;0m▀[48;2;120;0;0m▀[38;2;132;22;22;48;2;132;21;21m▀[38;2;191;145;129;48;2;191;144;128m▀[38;2;215;190;173;48;2;214;188;172m▀[38;2;144;45;44;48;2;143;41;41m▀[38;2;143;43;43;48;2;140;37;37m▀[38;2;211;186;165;48;2;210;185;164m▀[38;2;195;151;139;48;2;194;148;136m▀[38;2;139;35;35;48;2;138;32;32m▀[38;2;154;67;64;48;2;153;64;62m▀[38;2;230;221;198;48;2;230;221;198m▀[38;2;166;94;86;48;2;167;96;87m▀[38;2;142;41;41;48;2;145;47;46m▀[38;2;207;177;159;48;2;213;189;168m▀[38;2;222;204;184;48;2;212;185;166m▀[38;2;187;136;125;48;2;148;53;52m▀[38;2;182;125;116;48;2;132;21;21m▀[38;2;185;131;121;48;2;131;19;19m▀[38;2;159;77;73;48;2;132;21;21m▀[38;2;164;89;82;48;2;168;96;89m▀[38;2;231;223;199;48;2;233;226;202m▀[38;2;173;110;98;48;2;167;97;87m▀[38;2;132;21;20;48;2;129;16;15m▀[38;2;140;37;37;48;2;139;35;34m▀[38;2;207;177;157;48;2;207;177;157m▀[38;2;198;157;144;48;2;199;157;145m▀[38;2;137;32;32;48;2;138;33;33m▀[38;2;147;52;51;48;2;148;52;51m▀[38;2;224;212;187;48;2;224;212;187m▀[38;2;177;113;106;48;2;177;113;106m▀[38;2;143;42;42;48;2;145;47;46m▀[38;2;203;169;151;48;2;209;181;161m▀[38;2;224;208;188;48;2;215;191;173m▀[38;2;188;138;126;48;2;150;57;55m▀[38;2;182;125;116;48;2;132;22;21m▀[38;2;185;131;121;48;2;131;19;18m▀[38;2;156;74;69;48;2;127;12;12m▀[38;2;134;26;26;48;2;125;9;8m▀[38;2;175;114;102;48;2;150;58;56m▀[38;2;227;217;194;48;2;223;210;186m▀[38;2;162;85;78;48;2;190;145;127m▀[38;2;174;116;100;48;2;177;125;108m▀[38;2;126;48;42;48;2;124;23;23m▀[38;2;51;47;39;48;2;55;41;37m▀[38;2;191;186;168;48;2;192;186;164m▀[38;2;149;147;132;48;2;149;147;133m▀[38;2;27;25;19;48;2;30;28;21m▀[38;2;20;18;11;48;2;39;37;30m▀[38;2;44;41;29;48;2;126;123;110m▀[38;2;65;63;55;48;2;163;158;137m▀[38;2;144;141;128;48;2;113;110;97m▀[38;2;231;226;202;48;2;223;218;196m▀[38;2;105;103;94;48;2;106;104;94m▀[38;2;12;10;7;48;2;14;12;8m▀[38;2;0;0;0;48;2;0;0;0m▀▀▀[48;2;3;0;0m▀[38;2;65;0;0;48;2;101;1;0m▀[38;2;120;0;0;48;2;120;0;0m▀[38;2;136;36;36;48;2;139;44;44m▀[38;2;240;228;228;48;2;242;233;233m▀[38;2;164;88;88;48;2;156;73;73m▀[38;2;120;0;0;48;2;120;0;0m▀▀▀▀[38;2;121;2;2;48;2;123;9;9m▀[38;2;202;164;164;48;2;219;191;191m▀[38;2;205;168;168;48;2;199;156;156m▀[38;2;120;0;0;48;2;120;0;0m▀[38;2;121;3;3;48;2;126;12;12m▀[38;2;212;180;180;48;2;228;209;209m▀[38;2;142;140;140;48;2;147;118;118m▀[38;2;1;1;1;48;2;2;0;0m▀[38;2;0;0;0;48;2;0;0;0m▀▀▀▀▀▀[0m
[38;2;0;0;0;48;2;0;0;0m▀▀▀▀▀▀▀[38;2;15;0;0;48;2;4;0;0m▀[38;2;112;0;0;48;2;104;0;0m▀[38;2;120;1;1;48;2;122;3;2m▀[38;2;132;23;22;48;2;137;34;32m▀[38;2;191;145;129;48;2;197;157;140m▀[38;2;214;189;172;48;2;217;197;177m▀[38;2;143;42;42;48;2;148;56;53m▀[38;2;142;42;41;48;2;148;55;53m▀[38;2;210;185;164;48;2;216;193;173m▀[38;2;194;149;137;48;2;199;163;146m▀[38;2;138;33;33;48;2;144;45;44m▀[38;2;154;66;64;48;2;161;84;77m▀[38;2;230;221;198;48;2;231;223;201m▀[38;2;167;96;87;48;2;173;110;99m▀[38;2;141;38;37;48;2;135;27;27m▀[38;2;194;155;138;48;2;156;73;68m▀[38;2;222;208;185;48;2;220;203;181m▀[38;2;154;66;63;48;2;196;155;138m▀[38;2;132;22;22;48;2;164;90;80m▀[38;2;134;28;26;48;2;185;139;123m▀[38;2;134;29;26;48;2;141;44;40m▀[38;2;154;70;64;48;2;137;31;31m▀[38;2;227;217;193;48;2;188;141;126m▀[38;2;180;122;110;48;2;213;191;169m▀[38;2;136;28;28;48;2;160;82;75m▀[38;2;144;44;43;48;2;166;96;87m▀[38;2;213;188;168;48;2;214;195;170m▀[38;2;202;165;149;48;2;219;202;180m▀[38;2;141;38;38;48;2;159;80;72m▀[38;2;149;55;53;48;2;156;71;67m▀[38;2;224;212;187;48;2;227;216;193m▀[38;2;178;116;108;48;2;182;129;116m▀[38;2;141;38;38;48;2;137;30;30m▀[38;2;190;145;130;48;2;154;68;63m▀[38;2;225;213;189;48;2;218;199;177m▀[38;2;156;71;67;48;2;198;161;143m▀[38;2;133;22;22;48;2;164;90;81m▀[38;2;133;26;24;48;2;184;137;121m▀[38;2;130;23;20;48;2;142;46;42m▀[38;2;123;4;4;48;2;122;3;2m▀[38;2;136;30;30;48;2;127;12;12m▀[38;2;196;157;140;48;2;162;87;79m▀[38;2;222;207;183;48;2;220;205;182m▀[38;2;167;98;87;48;2;146;51;49m▀[38;2;127;13;13;48;2;126;10;9m▀[38;2;76;41;38;48;2;101;50;47m▀[38;2;194;187;165;48;2;199;195;179m▀[38;2;149;147;133;48;2;160;157;142m▀[38;2;38;36;27;48;2;46;45;38m▀[38;2;101;100;94;48;2;117;114;103m▀[38;2;221;216;195;48;2;230;225;202m▀[38;2;99;96;86;48;2;144;140;127m▀[38;2;84;82;74;48;2;148;143;129m▀[38;2;225;219;195;48;2;217;211;189m▀[38;2;111;109;98;48;2;173;169;151m▀[38;2;24;22;15;48;2;72;70;61m▀[38;2;1;1;0;48;2;4;3;1m▀[38;2;0;0;0;48;2;0;0;0m▀▀[38;2;18;0;0;48;2;22;0;0m▀[38;2;113;0;0;48;2;115;0;0m▀[38;2;120;0;0;48;2;120;0;0m▀[38;2;139;42;42;48;2;129;20;20m▀[38;2;242;232;232;48;2;231;214;214m▀[38;2;156;74;74;48;2;173;106;106m▀[38;2;120;0;0;48;2;120;0;0m▀▀▀▀[38;2;127;18;18;48;2;148;59;59m▀[38;2;232;214;214;48;2;244;236;236m▀[38;2;182;122;122;48;2;154;71;71m▀[38;2;120;0;0;48;2;120;0;0m▀[38;2;130;23;23;48;2;138;40;40m▀[38;2;238;226;226;48;2;243;235;235m▀[38;2;154;84;84;48;2;155;72;72m▀[38;2;16;0;0;48;2;77;0;0m▀[38;2;0;0;0;48;2;3;0;0m▀[48;2;0;0;0m▀▀▀▀▀[0m
[38;2;0;0;0;48;2;0;0;0m▀▀▀▀▀▀▀▀[38;2;94;0;0;48;2;83;0;0m▀[38;2;121;2;2;48;2;120;0;0m▀[38;2;143;47;43;48;2;123;5;5m▀[38;2;177;119;107;48;2;129;16;15m▀[38;2;178;121;107;48;2;130;18;18m▀[38;2;154;71;65;48;2;126;9;9m▀[38;2;157;76;69m▀[38;2;179;122;110;48;2;130;17;17m▀[38;2;176;117;104;48;2;129;16;16m▀[38;2;147;54;51;48;2;125;8;8m▀[38;2;166;96;87;48;2;126;11;11m▀[38;2;179;122;109;48;2;130;17;17m▀[38;2;171;108;97;48;2;127;13;12m▀[38;2;128;16;14;48;2;122;4;3m▀[38;2;131;19;19;48;2;121;1;1m▀[38;2;150;61;57;48;2;125;8;7m▀[38;2;177;117;106;48;2;129;15;14m▀[38;2;174;112;100;48;2;128;14;13m▀[38;2;145;51;47;48;2;124;7;6m▀[38;2;127;11;11;48;2;120;1;0m▀[38;2;125;8;7;48;2;120;0;0m▀[38;2;138;34;33;48;2;123;4;4m▀[38;2;166;94;84;48;2;126;11;10m▀[38;2;178;120;109;48;2;129;15;14m▀[38;2;162;89;79;48;2;127;11;11m▀[38;2;160;80;74;48;2;126;11;10m▀[38;2;171;106;94;48;2;127;12;11m▀[38;2;143;46;43;48;2;124;7;7m▀[38;2;161;87;78;48;2;126;9;9m▀[38;2;179;123;109;48;2;130;17;17m▀[38;2;173;111;99;48;2;128;13;13m▀[38;2;134;27;26;48;2;123;5;4m▀[38;2;130;18;18;48;2;121;1;1m▀[38;2;148;58;54;48;2;125;8;7m▀[38;2;176;116;104;48;2;129;14;14m▀[38;2;175;114;102;48;2;128;14;14m▀[38;2;146;54;49;48;2;124;7;6m▀[38;2;126;11;10;48;2;121;1;1m▀[38;2;120;0;0;48;2;120;0;0m▀[38;2;122;3;2m▀[38;2;133;24;23;48;2;122;3;3m▀[38;2;158;81;73;48;2;124;6;6m▀[38;2;129;17;16;48;2;121;2;2m▀[38;2;124;6;6;48;2;121;1;1m▀[38;2;141;67;59;48;2;120;8;7m▀[38;2;128;122;107;48;2;42;16;11m▀[38;2;121;117;104;48;2;17;15;9m▀[38;2;50;47;39;48;2;8;7;4m▀[38;2;43;41;33m▀[38;2;118;114;100;48;2;18;16;9m▀[38;2;120;114;101;48;2;19;17;9m▀[38;2;66;62;51;48;2;10;9;5m▀[38;2;94;91;81;48;2;13;12;7m▀[38;2;114;111;98;48;2;14;12;7m▀[38;2;28;25;18;48;2;6;5;3m▀[38;2;3;2;1;48;2;0;0;0m▀[38;2;0;0;0m▀▀[38;2;16;0;0;48;2;2;0;0m▀[38;2;112;0;0;48;2;93;1;0m▀[38;2;120;0;0;48;2;120;0;0m▀[38;2;121;1;1m▀[38;2;192;145;145;48;2;132;28;28m▀[38;2;224;201;201;48;2;214;184;184m▀[38;2;137;38;38;48;2;231;215;215m▀[38;2;120;0;0;48;2;192;148;148m▀[38;2;98;2;2;48;2;173;163;163m▀[38;2;117;25;25;48;2;212;209;209m▀[38;2;210;177;177;48;2;186;172;172m▀[38;2;207;172;172;48;2;128;27;27m▀[38;2;123;11;11;48;2;119;0;0m▀[38;2;110;0;0;48;2;90;0;0m▀[38;2;139;49;49;48;2;57;27;27m▀[38;2;246;240;240;48;2;228;225;225m▀[38;2;168;96;96;48;2;168;100;100m▀[38;2;117;0;0;48;2;120;0;0m▀[38;2;55;0;0;48;2;117;0;0m▀[38;2;37;1;1;48;2;115;0;0m▀[38;2;6;1;0;48;2;52;1;1m▀[38;2;0;0;0;48;2;0;0;0m▀▀▀[0m
[38;2;0;0;0;48;2;0;0;0m▀▀▀▀▀▀▀▀[38;2;73;0;0;48;2;72;0;0m▀[38;2;120;0;0;48;2;120;0;0m▀▀▀▀▀▀▀[38;2;120;1;0m▀[38;2;120;0;0m▀▀▀▀▀▀▀▀▀▀▀▀▀▀[38;2;120;1;0m▀[38;2;120;0;0m▀▀▀▀▀▀▀▀▀▀▀▀▀▀▀▀▀▀▀▀▀[38;2;63;0;0;48;2;100;0;0m▀[38;2;1;0;0;48;2;8;1;0m▀[38;2;0;0;0;48;2;0;0;0m▀▀▀[38;2;1;0;0m▀[38;2;0;0;0m▀▀▀▀▀▀▀▀[38;2;54;0;0;48;2;11;0;0m▀[38;2;120;0;0;48;2;106;0;0m▀[48;2;120;0;0m▀▀[38;2;128;19;19m▀[38;2;159;81;81m▀[38;2;177;119;119m▀[38;2;123;109;109;48;2;61;0;0m▀[38;2;67;67;67;48;2;0;0;0m▀[38;2;16;14;14m▀[38;2;41;1;0m▀[38;2;109;0;0;48;2;32;0;0m▀[38;2;119;0;0;48;2;110;0;0m▀[38;2;72;2;2;48;2;114;0;0m▀[38;2;47;46;46;48;2;41;1;1m▀[38;2;56;14;14;48;2;14;1;0m▀[38;2;117;0;0;48;2;42;0;0m▀[38;2;120;0;0;48;2;103;0;0m▀[48;2;120;0;0m▀[38;2;111;0;0m▀[38;2;25;1;0;48;2;96;1;0m▀[38;2;0;0;0;48;2;3;0;0m▀[48;2;0;0;0m▀[0m
[38;2;0;0;0;48;2;0;0;0m▀▀▀▀▀▀▀▀[38;2;65;1;1;48;2;64;1;1m▀[38;2;120;0;0;48;2;120;0;0m▀▀▀▀▀▀▀▀▀▀▀▀▀▀▀▀▀▀▀▀▀▀▀▀▀▀▀▀▀▀▀▀▀▀▀▀▀▀▀▀▀▀▀▀[38;2;119;0;0m▀[38;2;44;0;0;48;2;95;1;1m▀[38;2;0;0;0;48;2;5;0;0m▀[48;2;0;0;0m▀▀▀▀▀▀▀▀▀▀▀▀[38;2;61;0;0;48;2;9;1;0m▀[38;2;119;0;0;48;2;104;0;0m▀[38;2;120;0;0;48;2;120;0;0m▀▀▀▀[38;2;105;0;0m▀[38;2;13;0;0;48;2;84;0;0m▀[38;2;0;0;0;48;2;7;0;0m▀[48;2;0;0;0m▀▀[38;2;39;0;0m▀[38;2;116;0;0;48;2;51;0;0m▀[38;2;104;0;0;48;2;117;0;0m▀[38;2;21;0;0;48;2;88;0;0m▀[38;2;3;0;0;48;2;13;1;0m▀[38;2;29;0;0;48;2;1;0;0m▀[38;2;93;0;0;48;2;11;0;0m▀[38;2;115;0;0;48;2;39;0;0m▀[38;2;117;0;0;48;2;111;0;0m▀[38;2;28;0;0;48;2;21;1;0m▀[38;2;0;0;0;48;2;0;0;0m▀[0m
[38;2;0;0;0;48;2;0;0;0m▀▀▀▀▀▀▀▀[38;2;72;0;0;48;2;81;0;0m▀[38;2;120;0;0;48;2;96;0;0m▀[38;2;117;0;0;48;2;37;0;0m▀[38;2;113;0;0;48;2;18;0;0m▀[38;2;114;0;0;48;2;23;0;0m▀[38;2;119;0;0;48;2;50;0;0m▀[38;2;120;0;0;48;2;99;0;0m▀[48;2;120;0;0m▀▀▀▀▀▀▀▀▀▀▀▀▀▀▀▀▀▀▀▀▀▀▀▀▀▀▀▀▀▀▀▀▀▀▀▀▀▀▀[38;2;119;0;0m▀[38;2;57;1;1;48;2;113;0;0m▀[38;2;0;0;0;48;2;27;0;0m▀[48;2;0;0;0m▀▀▀▀▀▀▀▀▀▀▀▀[38;2;46;0;0;48;2;4;0;0m▀[38;2;117;0;0;48;2;81;0;0m▀[38;2;120;0;0;48;2;120;0;0m▀▀▀▀[38;2;119;0;0m▀[38;2;93;0;0m▀[38;2;18;0;0;48;2;107;0;0m▀[38;2;0;0;0;48;2;52;0;0m▀[48;2;3;0;0m▀[38;2;8;1;1;48;2;8;0;0m▀[38;2;107;1;1;48;2;46;0;0m▀[38;2;117;0;0;48;2;53;0;0m▀[38;2;73;1;1;48;2;72;1;0m▀[38;2;20;3;2;48;2;41;1;1m▀[38;2;4;1;0;48;2;0;0;0m▀[38;2;46;2;1;48;2;3;1;0m▀[38;2;52;0;0;48;2;0;0;0m▀[38;2;1;0;0m▀[38;2;0;0;0m▀[0m
[38;2;0;0;0;48;2;0;0;0m▀▀▀▀▀▀▀[38;2;5;0;0;48;2;7;0;0m▀[38;2;89;0;0;48;2;23;1;1m▀[38;2;15;0;0;48;2;0;0;0m▀[38;2;0;0;0m▀▀▀▀[38;2;13;1;0m▀[38;2;85;0;0;48;2;8;0;0m▀[38;2;120;0;0;48;2;91;0;0m▀[48;2;120;0;0m▀▀▀▀▀▀▀▀▀▀▀▀▀▀▀▀▀▀▀▀▀▀▀▀▀▀▀▀▀▀▀▀▀▀▀▀▀▀▀[38;2;99;0;0m▀[38;2;17;0;0;48;2;96;0;0m▀[38;2;0;0;0;48;2;15;0;0m▀[48;2;0;0;0m▀▀▀▀▀▀▀▀▀▀▀[38;2;18;0;0m▀[38;2;107;0;0;48;2;40;1;0m▀[38;2;120;0;0;48;2;115;0;0m▀[48;2;120;0;0m▀▀▀▀▀[38;2;117;0;0m▀[38;2;81;0;0m▀[38;2;15;0;0;48;2;103;0;0m▀[38;2;0;0;0;48;2;37;0;0m▀[48;2;0;0;0m▀▀▀▀▀▀▀▀[0m
