[0m[38;2;120;0;0;48;2;101;1;0m▀[48;2;108;0;0m▀[48;2;117;0;0m▀[48;2;120;0;0m▀▀▀▀▀▀▀▀▀▀▀▀▀▀▀▀▀▀▀▀▀▀▀▀▀▀▀▀▀▀▀▀▀▀▀▀▀▀▀▀▀▀▀▀▀▀▀▀▀▀▀▀▀▀▀▀▀▀▀▀▀[48;2;116;0;0m▀[38;2;89;0;0;48;2;38;0;0m▀[38;2;5;0;0;48;2;0;0;0m▀[38;2;0;0;0m▀▀▀▀▀▀▀▀▀▀▀▀▀▀[38;2;26;0;0;48;2;4;1;0m▀[38;2;113;0;0;48;2;100;0;0m▀[38;2;60;2;1;48;2;109;0;0m▀[38;2;1;0;0;48;2;23;0;0m▀[38;2;59;0;0;48;2;38;0;0m▀[38;2;104;0;0;48;2;117;0;0m▀[38;2;12;0;0;48;2;35;1;1m▀[38;2;0;0;0;48;2;0;0;0m▀▀▀▀▀▀▀▀▀▀▀▀▀▀▀▀▀▀▀▀▀▀[0m
[38;2;2;0;0;48;2;0;0;0m▀[38;2;16;0;0m▀[38;2;39;0;0m▀[38;2;88;0;0;48;2;4;0;0m▀[38;2;116;0;0;48;2;48;0;0m▀[38;2;120;0;0;48;2;113;0;0m▀[48;2;120;0;0m▀▀▀▀▀▀▀▀▀▀▀▀▀▀▀▀▀▀▀▀▀▀▀▀▀▀▀▀▀▀▀▀▀[48;2;123;5;5m▀[48;2;127;12;11m▀[38;2;121;1;1;48;2;130;17;16m▀[38;2;120;0;0;48;2;125;9;8m▀[48;2;122;3;2m▀[48;2;121;2;2m▀[48;2;123;4;4m▀[48;2;122;3;3m▀[48;2;121;2;1m▀[48;2;120;0;0m▀▀▀▀▀▀▀▀▀▀▀▀▀▀▀[48;2;118;0;0m▀[38;2;86;0;0;48;2;43;3;2m▀[38;2;4;0;0;48;2;5;3;2m▀[38;2;0;0;0;48;2;3;2;1m▀[48;2;1;1;0m▀[48;2;0;0;0m▀▀▀▀▀▀▀▀▀▀▀▀▀▀[38;2;69;0;0;48;2;36;0;0m▀[38;2;119;0;0;48;2;117;0;0m▀[38;2;85;0;0;48;2;118;0;0m▀[38;2;26;0;0;48;2;61;0;0m▀[38;2;111;0;0;48;2;95;0;0m▀[38;2;73;0;0;48;2;110;0;0m▀[38;2;1;0;0;48;2;20;0;0m▀[38;2;0;0;0;48;2;0;0;0m▀▀▀▀▀▀▀▀▀▀▀▀▀▀▀▀▀▀▀▀▀[0m
[38;2;0;0;0;48;2;0;0;0m▀▀▀▀[38;2;1;0;0m▀[38;2;38;0;0m▀[38;2;112;0;0;48;2;53;0;0m▀[38;2;120;0;0;48;2;117;0;0m▀[48;2;120;0;0m▀▀▀▀▀▀▀▀▀▀▀▀▀▀▀▀▀▀▀▀▀▀▀▀▀▀▀▀▀▀[38;2;123;5;5;48;2;124;7;6m▀[38;2;134;28;27;48;2;162;93;81m▀[38;2;157;76;70;48;2;220;205;181m▀[38;2;173;114;100;48;2;235;230;207m▀[38;2;144;49;46;48;2;165;92;87m▀[38;2;127;11;10;48;2;132;22;22m▀[38;2;128;13;13;48;2;141;42;39m▀[38;2;137;34;33;48;2;206;180;158m▀[38;2;136;32;31;48;2;193;155;135m▀[38;2;127;11;11;48;2;133;23;23m▀[38;2;121;1;1;48;2;122;2;2m▀[38;2;120;0;0;48;2;120;0;0m▀▀▀▀▀▀▀▀▀▀▀▀▀▀[38;2;106;3;2;48;2;88;9;7m▀[38;2;31;19;12;48;2;70;66;52m▀[38;2;43;41;32;48;2;204;200;184m▀[38;2;29;26;18;48;2;114;112;105m▀[38;2;9;7;4;48;2;18;15;10m▀[38;2;0;0;0;48;2;1;1;0m▀[48;2;0;0;0m▀▀▀▀▀▀▀▀▀▀▀▀▀[38;2;9;0;0;48;2;1;0;0m▀[38;2;100;0;0;48;2;62;0;0m▀[38;2;120;0;0;48;2;119;0;0m▀[38;2;112;0;0;48;2;120;0;0m▀[38;2;97;0;0;48;2;121;7;7m▀[38;2;120;0;0;48;2;126;17;17m▀[38;2;72;0;0;48;2;113;1;1m▀[38;2;3;0;0;48;2;35;1;1m▀[38;2;0;0;0;48;2;0;0;0m▀▀▀▀[48;2;1;0;0m▀[48;2;1;1;1m▀▀[48;2;0;0;0m▀▀▀[48;2;11;11;11m▀[48;2;16;16;16m▀[48;2;0;0;0m▀▀▀▀▀▀▀▀[0m
[38;2;0;0;0;48;2;0;0;0m▀▀▀▀▀▀[38;2;6;0;0m▀[38;2;91;0;0;48;2;45;0;0m▀[38;2;120;0;0;48;2;118;0;0m▀[48;2;120;0;0m▀▀▀▀[48;2;121;1;1m▀[48;2;122;3;3m▀[48;2;122;2;2m▀[48;2;122;3;3m▀[48;2;123;5;5m▀[48;2;123;4;4m▀[48;2;122;2;2m▀▀[48;2;122;3;3m▀[48;2;123;5;5m▀[48;2;122;3;3m▀[48;2;121;1;1m▀[48;2;120;0;0m▀▀▀▀[48;2;122;2;2m▀[48;2;123;4;4m▀[48;2;122;3;3m▀[48;2;122;2;2m▀[48;2;120;0;0m▀▀▀[48;2;121;2;2m▀[48;2;122;3;3m▀[38;2;123;5;5;48;2;124;8;7m▀[38;2;140;39;38;48;2;137;31;31m▀[38;2;186;134;120;48;2;176;114;103m▀[38;2;236;231;208;48;2;234;228;205m▀[38;2;170;99;94;48;2;170;100;95m▀[38;2;134;26;26;48;2;134;25;25m▀[38;2;141;42;39;48;2;129;17;16m▀[38;2;207;181;160;48;2;141;42;40m▀[38;2;194;157;137;48;2;139;37;36m▀[38;2;133;23;23;48;2;127;13;12m▀[38;2;122;2;2;48;2;121;1;1m▀[38;2;120;0;0;48;2;120;0;0m▀▀[48;2;122;2;2m▀[48;2;122;4;3m▀[48;2;122;3;3m▀[48;2;122;2;2m▀[48;2;120;0;0m▀[48;2;122;2;2m▀[48;2;123;4;4m▀[48;2;124;6;5m▀[48;2;123;4;4m▀[48;2;121;1;1m▀[48;2;122;2;2m▀[38;2;120;1;0;48;2;119;5;4m▀[38;2;66;8;5;48;2;46;7;5m▀[38;2;69;65;52;48;2;27;24;15m▀[38;2;209;203;180;48;2;49;46;35m▀[38;2;118;114;101;48;2;33;30;21m▀[38;2;18;15;10;48;2;10;8;4m▀[38;2;1;1;0;48;2;0;0;0m▀[38;2;0;0;0;48;2;1;1;0m▀[48;2;2;2;1m▀[48;2;4;3;2m▀[48;2;6;4;2m▀[48;2;3;3;1m▀[48;2;2;1;1m▀[48;2;0;0;0m▀▀▀▀▀▀▀▀[38;2;17;0;0m▀[38;2;100;0;0;48;2;31;0;0m▀[38;2;120;0;0;48;2;116;8;8m▀[38;2;169;103;103;48;2;210;177;177m▀[38;2;210;177;177;48;2;237;223;223m▀[38;2;129;22;22;48;2;134;35;35m▀[38;2;102;0;0;48;2;120;0;0m▀[38;2;23;0;0;48;2;100;0;0m▀[38;2;0;0;0;48;2;25;0;0m▀[48;2;1;0;0m▀[48;2;0;0;0m▀[38;2;17;3;3;48;2;49;25;25m▀[38;2;96;89;89;48;2;224;211;211m▀[38;2;95;95;95;48;2;187;187;187m▀[38;2;1;1;1;48;2;6;6;6m▀[38;2;0;0;0;48;2;0;0;0m▀[38;2;7;7;7;48;2;21;21;21m▀[38;2;147;147;147;48;2;217;217;217m▀[38;2;167;167;167;48;2;208;208;208m▀[38;2;8;8;8;48;2;12;12;12m▀[38;2;0;0;0;48;2;0;0;0m▀▀▀▀▀▀▀[0m
[38;2;0;0;0;48;2;0;0;0m▀▀▀▀▀▀▀[38;2;7;0;0;48;2;1;0;0m▀[38;2;100;0;0;48;2;65;0;0m▀[38;2;120;0;0;48;2;119;0;0m▀[48;2;120;0;0m▀[48;2;121;2;1m▀[38;2;123;5;5;48;2;131;21;20m▀[38;2;130;17;17;48;2;172;110;97m▀[38;2;136;29;28;48;2;199;168;146m▀[38;2;134;26;25;48;2;171;108;95m▀[38;2;132;22;22;48;2;174;118;101m▀[38;2;136;28;28;48;2;199;168;149m▀[38;2;137;31;31;48;2;203;175;154m▀[38;2;133;24;24;48;2;170;104;94m▀[38;2;130;19;18;48;2;162;88;80m▀[38;2;134;25;25;48;2;186;143;122m▀[38;2;137;31;30;48;2;205;179;160m▀[38;2;135;27;26;48;2;189;146;128m▀[38;2;126;11;10;48;2;145;50;47m▀[38;2;121;1;1;48;2;126;10;10m▀[38;2;120;0;0;48;2;123;4;3m▀[38;2;122;3;3;48;2;130;19;18m▀[38;2;127;13;12;48;2;150;63;58m▀[38;2;131;19;19;48;2;183;137;118m▀[38;2;133;24;24;48;2;185;145;125m▀[38;2;133;23;22;48;2;190;150;130m▀[38;2;130;17;17;48;2;163;90;81m▀[38;2;123;5;5;48;2;135;29;28m▀[38;2;121;1;1;48;2;126;10;9m▀[38;2;123;5;4;48;2;132;22;22m▀[38;2;129;17;16;48;2;155;72;66m▀[38;2;134;26;25;48;2;194;158;137m▀[38;2;137;30;30;48;2;201;171;153m▀[38;2;143;43;42;48;2;189;147;127m▀[38;2;179;120;107;48;2;194;153;133m▀[38;2;234;228;205;48;2;234;228;205m▀[38;2;170;100;95;48;2;171;102;96m▀[38;2;133;24;24;48;2;138;32;32m▀[38;2;131;20;20;48;2;160;85;76m▀[38;2;138;32;32;48;2;193;156;135m▀[38;2;137;30;30;48;2;192;154;138m▀[38;2;126;11;10;48;2;136;30;29m▀[38;2;121;1;1;48;2;125;8;7m▀[38;2;122;3;3;48;2;130;17;17m▀[38;2;127;12;11;48;2;148;58;54m▀[38;2;130;19;19;48;2;182;133;115m▀[38;2;133;24;23;48;2;185;145;125m▀[38;2;133;23;23;48;2;190;151;131m▀[38;2;130;18;18;48;2;165;95;86m▀[38;2;125;9;8;48;2;140;37;36m▀[38;2;128;14;13;48;2;146;58;53m▀[38;2;135;28;28;48;2;199;171;150m▀[38;2;139;36;36;48;2;206;179;157m▀[38;2;134;25;24;48;2;192;157;137m▀[38;2;128;13;13;48;2;140;42;39m▀[38;2;129;16;16;48;2;157;84;73m▀[38;2;126;22;22;48;2;194;164;142m▀[38;2;50;26;21;48;2;135;128;114m▀[38;2;32;29;22;48;2;117;113;101m▀[38;2;38;36;26;48;2;167;164;152m▀[38;2;27;25;18;48;2;128;126;114m▀[38;2;10;9;5;48;2;24;23;17m▀[38;2;5;4;2;48;2;16;14;8m▀[38;2;13;11;6;48;2;58;56;48m▀[38;2;22;19;11;48;2;131;128;116m▀[38;2;25;23;14;48;2;136;134;126m▀[38;2;29;27;19;48;2;153;150;140m▀[38;2;28;26;20;48;2;162;158;147m▀[38;2;16;14;8;48;2;76;73;64m▀[38;2;4;3;2;48;2;19;17;12m▀[38;2;0;0;0;48;2;2;2;1m▀[48;2;0;0;0m▀▀▀▀▀▀[48;2;9;0;0m▀[38;2;31;0;0;48;2;92;0;0m▀[38;2;120;17;17;48;2;137;38;38m▀[38;2;225;204;204;48;2;238;225;225m▀[38;2;218;190;190;48;2;193;146;146m▀[38;2;126;15;15;48;2;122;2;2m▀[38;2;120;0;0;48;2;120;0;0m▀▀[38;2;107;0;0m▀[38;2;63;0;0m▀[38;2;30;3;1;48;2;116;0;0m▀[38;2;97;51;51;48;2;157;79;79m▀[38;2;244;237;237;48;2;249;244;244m▀[38;2;180;179;179;48;2;169;141;141m▀[38;2;5;5;5;48;2;13;0;0m▀[38;2;0;0;0;48;2;0;0;0m▀[38;2;53;53;53;48;2;81;81;81m▀[38;2;235;235;235;48;2;242;242;242m▀[38;2;167;167;167;48;2;113;113;113m▀[38;2;5;5;5;48;2;1;1;1m▀[38;2;0;0;0;48;2;0;0;0m▀▀▀▀▀▀▀[0m
[38;2;0;0;0;48;2;0;0;0m▀▀▀▀▀▀▀▀[38;2;32;0;0;48;2;8;0;0m▀[38;2;117;0;0;48;2;103;0;0m▀[38;2;120;0;0;48;2;120;0;0m▀[38;2;121;2;1;48;2;121;1;1m▀[38;2;133;24;24;48;2;127;13;12m▀[38;2;174;115;103;48;2;155;69;67m▀[38;2;232;224;202;48;2;225;213;189m▀[38;2;210;189;163;48;2;205;173;156m▀[38;2;170;105;93;48;2;148;53;51m▀[38;2;162;86;78;48;2;144;44;44m▀[38;2;208;182;162;48;2;186;135;121m▀[38;2;225;213;189;48;2;235;230;207m▀[38;2;196;160;139;48;2;173;110;100m▀[38;2;161;83;75;48;2;142;41;41m▀[38;2;177;121;107;48;2;154;67;63m▀[38;2;229;220;197;48;2;221;203;183m▀[38;2;182;131;114;48;2;202;171;150m▀[38;2;135;28;27;48;2;141;39;39m▀[38;2;130;17;17;48;2;139;35;35m▀[38;2;153;66;62;48;2;190;146;130m▀[38;2;211;188;167;48;2;232;225;202m▀[38;2;188;140;125;48;2;199;160;144m▀[38;2;156;70;68;48;2;188;137;127m▀[38;2;183;129;116;48;2;198;156;143m▀[38;2;226;214;191;48;2;236;230;208m▀[38;2;162;87;79;48;2;186;137;125m▀[38;2;136;29;29;48;2;147;50;49m▀[38;2;155;72;67;48;2;192;150;134m▀[38;2;216;198;175;48;2;230;223;199m▀[38;2;207;179;159;48;2;169;100;91m▀[38;2;161;84;77;48;2;140;36;36m▀[38;2;163;89;81;48;2;141;39;39m▀[38;2;206;179;156;48;2;180;124;110m▀[38;2;236;231;209;48;2;235;229;206m▀[38;2;171;103;97;48;2;171;101;96m▀[38;2;138;33;33;48;2;136;29;29m▀[38;2;161;85;78;48;2;146;48;48m▀[38;2;218;199;179;48;2;206;176;155m▀[38;2;219;199;181;48;2;219;200;182m▀[38;2;145;47;46;48;2;149;54;53m▀[38;2;131;20;20;48;2;140;35;35m▀[38;2;150;60;57;48;2;185;136;121m▀[38;2;208;182;161;48;2;233;226;204m▀[38;2;192;149;132;48;2;201;164;147m▀[38;2;156;70;68;48;2;188;137;127m▀[38;2;180;121;109;48;2;196;152;139m▀[38;2;227;215;193;48;2;234;228;206m▀[38;2;167;98;88;48;2;191;145;132m▀[38;2;144;44;44;48;2;140;36;36m▀[38;2;182;131;116;48;2;158;77;71m▀[38;2;236;231;209;48;2;225;213;190m▀[38;2;183;129;116;48;2;204;173;154m▀[38;2;143;42;42;48;2;149;56;54m▀[38;2;143;44;43;48;2;150;61;56m▀[38;2;197;163;146;48;2;177;130;110m▀[38;2;96;77;70;48;2;70;41;32m▀[38;2;120;116;102;48;2;73;71;63m▀[38;2;225;220;197;48;2;213;207;187m▀[38;2;164;162;147;48;2;166;163;148m▀[38;2;40;38;33;48;2;41;40;34m▀[38;2;26;23;14;48;2;20;18;10m▀[38;2;154;151;135;48;2;75;71;56m▀[38;2;185;181;162;48;2;81;76;62m▀[38;2;56;54;46;48;2;43;40;26m▀[38;2;70;68;63;48;2;68;68;63m▀[38;2;197;190;169;48;2;186;180;158m▀[38;2;177;173;156;48;2;208;204;184m▀[38;2;39;37;32;48;2;53;52;47m▀[38;2;6;5;3;48;2;7;6;3m▀[38;2;0;0;0;48;2;0;0;0m▀▀▀▀▀[38;2;1;0;0;48;2;26;0;0m▀[38;2;64;1;1;48;2;112;0;0m▀[38;2;119;0;0;48;2;120;0;0m▀[38;2;149;61;61;48;2;168;99;99m▀[38;2;246;238;238;48;2;247;240;240m▀[38;2;170;104;104;48;2;156;76;76m▀[38;2;120;0;0;48;2;120;0;0m▀▀▀▀▀▀[38;2;166;95;95;48;2;171;104;104m▀[38;2;249;244;244;48;2;246;241;241m▀[38;2;171;106;106;48;2;154;71;71m▀[38;2;95;0;0;48;2;120;0;0m▀[38;2;40;1;1;48;2;116;2;2m▀[38;2;126;124;124;48;2;182;147;147m▀[38;2;240;240;240;48;2;224;224;224m▀[38;2;66;66;66;48;2;37;37;37m▀[38;2;0;0;0;48;2;0;0;0m▀▀▀▀▀▀▀▀[0m
[38;2;0;0;0;48;2;0;0;0m▀▀▀▀▀▀▀▀[38;2;3;0;0m▀[38;2;82;0;0;48;2;59;1;1m▀[38;2;120;0;0;48;2;119;0;0m▀[48;2;120;0;0m▀[38;2;126;9;9;48;2;126;9;9m▀[38;2;153;64;62;48;2;152;63;61m▀[38;2;223;211;186;48;2;223;211;186m▀[38;2;199;159;146;48;2;199;158;145m▀[38;2;142;42;42;48;2;142;40;40m▀[38;2;137;31;31;48;2;135;27;27m▀[38;2;180;123;110;48;2;179;122;109m▀[38;2;234;228;205;48;2;234;228;205m▀[38;2;166;91;86;48;2;164;88;84m▀[38;2;136;29;29;48;2;136;28;28m▀[38;2;149;54;54;48;2;148;53;52m▀[38;2;219;199;181;48;2;219;199;181m▀[38;2;205;175;154;48;2;206;176;156m▀[38;2;146;48;47;48;2;146;48;48m▀[38;2;147;52;50;48;2;149;58;54m▀[38;2;213;188;168;48;2;215;193;171m▀[38;2;228;217;196;48;2;227;215;194m▀[38;2;176;113;104;48;2;160;80;74m▀[38;2;160;81;77;48;2;136;30;30m▀[38;2;160;80;76;48;2;130;17;17m▀[38;2;160;82;78;48;2;129;16;15m▀[38;2;149;57;55;48;2;130;17;17m▀[38;2;149;55;54;48;2;147;52;51m▀[38;2;214;192;169;48;2;217;199;178m▀[38;2;223;209;185;48;2;220;204;180m▀[38;2;157;73;68;48;2;154;68;63m▀[38;2;129;16;15;48;2;128;15;14m▀[38;2;132;23;23;48;2;133;24;24m▀[38;2;175;112;101;48;2;175;112;101m▀[38;2;234;228;204;48;2;234;228;204m▀[38;2;170;99;94;48;2;170;101;95m▀[38;2;135;26;26;48;2;136;28;28m▀[38;2;143;43;43;48;2;144;44;43m▀[38;2;205;176;155;48;2;205;176;155m▀[38;2;219;200;182;48;2;219;200;182m▀[38;2;150;56;55;48;2;150;56;55m▀[38;2;146;50;49;48;2;148;55;53m▀[38;2;208;180;160;48;2;211;186;164m▀[38;2;231;222;201;48;2;230;221;200m▀[38;2;178;118;108;48;2;163;86;79m▀[38;2;160;82;78;48;2;137;32;32m▀[38;2;159;79;75;48;2;130;17;17m▀[38;2;161;82;78;48;2;129;16;15m▀[38;2;146;52;50;48;2;127;11;11m▀[38;2;131;18;18;48;2;124;6;6m▀[38;2;143;43;43;48;2;132;23;22m▀[38;2;199;165;147;48;2;170;105;93m▀[38;2;226;217;192;48;2;231;224;201m▀[38;2;165;91;84;48;2;192;149;129m▀[38;2;169;104;92;48;2;186;144;123m▀[38;2;160;87;75;48;2;139;39;36m▀[38;2;77;26;20;48;2;88;18;16m▀[38;2;63;62;57;48;2;62;61;56m▀[38;2;214;207;184;48;2;215;208;183m▀[38;2;169;166;149;48;2;169;166;149m▀[38;2;41;40;34;48;2;42;41;35m▀[38;2;13;11;7;48;2;24;22;16m▀[38;2;28;26;16;48;2;65;64;57m▀[38;2;48;46;36;48;2;161;156;139m▀[38;2;84;82;74;48;2;168;163;141m▀[38;2;154;150;134;48;2;100;97;87m▀[38;2;212;206;184;48;2;181;175;157m▀[38;2;211;208;188;48;2;211;208;188m▀[38;2;57;56;50;48;2;58;57;51m▀[38;2;9;7;4;48;2;10;9;5m▀[38;2;0;0;0;48;2;0;0;0m▀▀▀▀[38;2;1;0;0;48;2;9;1;0m▀[38;2;77;0;0;48;2;106;1;0m▀[38;2;120;0;0;48;2;120;0;0m▀[48;2;121;1;1m▀[38;2;186;135;135;48;2;192;145;145m▀[38;2;244;235;235;48;2;241;230;230m▀[38;2;148;59;59;48;2;144;50;50m▀[38;2;120;0;0;48;2;120;0;0m▀▀▀▀▀[38;2;121;1;1;48;2;121;5;5m▀[38;2;180;122;122;48;2;199;156;156m▀[38;2;245;239;239;48;2;242;234;234m▀[38;2;142;49;49;48;2;140;42;42m▀[38;2;120;0;0;48;2;120;0;0m▀[38;2;121;4;4;48;2;127;15;15m▀[38;2;205;168;168;48;2;223;200;200m▀[38;2;212;208;208;48;2;212;189;189m▀[38;2;20;18;18;48;2;32;12;12m▀[38;2;0;0;0;48;2;0;0;0m▀▀▀▀▀▀▀▀[0m
[38;2;0;0;0;48;2;0;0;0m▀▀▀▀▀▀▀▀▀[38;2;40;0;0;48;2;24;0;0m▀[38;2;119;0;0;48;2;114;0;0m▀[38;2;120;0;0;48;2;121;1;1m▀[38;2;126;10;9;48;2;129;15;14m▀[38;2;153;65;62;48;2;156;69;66m▀[38;2;223;211;186;48;2;224;213;188m▀[38;2;199;158;146;48;2;201;164;149m▀[38;2;142;40;40;48;2;144;46;45m▀[38;2;137;31;31;48;2;141;38;38m▀[38;2;180;122;110;48;2;183;127;114m▀[38;2;234;228;205;48;2;234;228;206m▀[38;2;165;89;84;48;2;168;98;91m▀[38;2;136;28;28;48;2;140;37;37m▀[38;2;149;54;53;48;2;151;61;58m▀[38;2;219;199;181;48;2;220;202;183m▀[38;2;206;176;156;48;2;207;179;158m▀[38;2;146;48;48;48;2;147;50;49m▀[38;2;143;43;43;48;2;136;28;28m▀[38;2;197;162;144;48;2;163;89;81m▀[38;2;231;224;201;48;2;226;213;191m▀[38;2;172;107;96;48;2;207;178;157m▀[38;2;138;34;34;48;2;158;76;70m▀[38;2;130;18;17;48;2;150;61;56m▀[38;2;132;24;22;48;2;181;131;116m▀[38;2;132;25;23;48;2;148;62;55m▀[38;2;141;39;38;48;2;135;26;26m▀[38;2;201;171;149;48;2;165;93;85m▀[38;2;227;217;193;48;2;226;215;192m▀[38;2;162;85;79;48;2;191;147;131m▀[38;2;134;25;25;48;2;149;56;53m▀[38;2;137;31;31;48;2;149;56;54m▀[38;2;180;123;111;48;2;197;163;140m▀[38;2;236;231;208;48;2;234;229;206m▀[38;2;174;110;101;48;2;191;148;130m▀[38;2;138;33;32;48;2;147;53;50m▀[38;2;145;46;45;48;2;149;54;53m▀[38;2;205;176;155;48;2;208;180;159m▀[38;2;220;201;183;48;2;220;203;183m▀[38;2;150;57;55;48;2;150;59;57m▀[38;2;143;42;41;48;2;137;30;29m▀[38;2;193;152;136;48;2;160;81;74m▀[38;2;233;226;203;48;2;223;208;186m▀[38;2;176;116;103;48;2;211;187;165m▀[38;2;139;36;36;48;2;160;80;74m▀[38;2;129;16;16;48;2;150;60;55m▀[38;2;132;22;21;48;2;180;127;112m▀[38;2;129;20;17;48;2;151;68;60m▀[38;2;123;4;3;48;2;123;5;4m▀[38;2;127;12;11;48;2;123;4;4m▀[38;2;149;57;55;48;2;137;31;31m▀[38;2;216;197;175;48;2;183;134;119m▀[38;2;219;203;179;48;2;230;222;199m▀[38;2;182;131;114;48;2;162;86;79m▀[38;2;134;25;25;48;2;130;17;16m▀[38;2;110;12;10;48;2;119;14;13m▀[38;2;70;62;58;48;2;84;68;63m▀[38;2;216;208;183;48;2;214;209;191m▀[38;2;169;166;149;48;2;172;168;151m▀[38;2;45;43;36;48;2;52;51;45m▀[38;2;42;40;34;48;2;50;48;41m▀[38;2;165;163;153;48;2;200;196;177m▀[38;2;215;210;187;48;2;221;215;191m▀[38;2;95;93;83;48;2;113;110;99m▀[38;2;71;70;66;48;2;113;110;101m▀[38;2;180;173;151;48;2;198;192;173m▀[38;2;212;208;188;48;2;219;215;194m▀[38;2;66;64;57;48;2;122;119;106m▀[38;2;19;16;10;48;2;50;48;41m▀[38;2;1;1;0;48;2;4;3;2m▀[38;2;0;0;0;48;2;0;0;0m▀▀▀[38;2;29;0;0;48;2;35;0;0m▀[38;2;115;0;0;48;2;116;0;0m▀[38;2;120;0;0;48;2;120;0;0m▀[38;2;121;1;1m▀[38;2;190;143;143;48;2;174;111;111m▀[38;2;241;231;231;48;2;245;237;237m▀[38;2;144;50;50;48;2;153;68;68m▀[38;2;120;0;0;48;2;120;0;0m▀▀▀▀▀[38;2;123;8;8;48;2;136;35;35m▀[38;2;215;185;185;48;2;235;221;221m▀[38;2;232;215;215;48;2;211;179;179m▀[38;2;132;27;27;48;2;123;8;8m▀[38;2;120;0;0;48;2;120;0;0m▀[38;2;132;26;26;48;2;138;40;40m▀[38;2;234;221;221;48;2;241;232;232m▀[38;2;199;158;158;48;2;191;142;142m▀[38;2;63;4;4;48;2;108;1;1m▀[38;2;1;0;0;48;2;22;0;0m▀[38;2;0;0;0;48;2;0;0;0m▀▀▀▀▀▀▀[0m
[38;2;0;0;0;48;2;0;0;0m▀▀▀▀▀▀▀▀▀[38;2;13;0;0;48;2;9;0;0m▀[38;2;108;0;0;48;2;99;0;0m▀[38;2;121;2;1;48;2;120;0;0m▀[38;2;135;30;29;48;2;125;8;7m▀[38;2;185;143;126;48;2;134;26;25m▀[38;2;215;197;173;48;2;142;41;40m▀[38;2;206;185;159;48;2;139;35;35m▀[38;2;164;95;85;48;2;132;20;20m▀[38;2;156;76;70m▀[38;2;203;175;154;48;2;138;33;33m▀[38;2;215;198;174;48;2;142;41;41m▀[38;2;193;160;138;48;2;137;30;30m▀[38;2;148;56;54;48;2;131;19;19m▀[38;2;178;125;111;48;2;134;26;26m▀[38;2;213;195;170;48;2;141;38;38m▀[38;2;210;189;166m▀[38;2;166;103;91;48;2;131;18;18m▀[38;2;128;14;13;48;2;124;6;5m▀[38;2;138;32;32;48;2;124;6;6m▀[38;2;164;91;82;48;2;131;19;18m▀[38;2;205;177;155;48;2;138;32;32m▀[38;2;209;185;164;48;2;139;35;35m▀[38;2;193;158;134;48;2;135;27;27m▀[38;2;162;89;81;48;2;129;15;15m▀[38;2;130;18;18;48;2;123;4;4m▀[38;2;126;10;9;48;2;121;1;1m▀[38;2;136;29;29;48;2;124;6;5m▀[38;2;167;96;88;48;2;132;20;20m▀[38;2;204;177;153;48;2;137;32;31m▀[38;2;199;168;150;48;2;138;32;31m▀[38;2;185;141;123;48;2;134;26;26m▀[38;2;174;111;97;48;2;135;27;27m▀[38;2;207;182;160;48;2;138;33;32m▀[38;2;199;164;143;48;2;136;29;29m▀[38;2;154;70;62;48;2;131;19;19m▀[38;2;169;107;95;48;2;133;22;22m▀[38;2;211;191;168;48;2;140;37;37m▀[38;2;211;193;168;48;2;141;39;39m▀[38;2;176;125;109;48;2;132;22;22m▀[38;2;132;22;22;48;2;125;7;7m▀[38;2;137;30;30;48;2;124;6;6m▀[38;2;161;85;77;48;2;130;18;17m▀[38;2;203;173;152;48;2;137;32;31m▀[38;2;210;187;166;48;2;140;36;36m▀[38;2;194;160;136;48;2;136;28;28m▀[38;2;165;96;87;48;2;129;16;15m▀[38;2;130;19;19;48;2;123;5;5m▀[38;2;122;4;3;48;2;120;0;0m▀[38;2;121;1;1m▀[38;2;127;11;10;48;2;122;3;2m▀[38;2;149;59;55;48;2;127;12;11m▀[38;2;192;157;138;48;2;131;19;19m▀[38;2;139;37;36;48;2;125;8;8m▀[38;2;126;11;10;48;2;122;3;3m▀[38;2;128;13;13;48;2;124;7;6m▀[38;2;163;138;121;48;2;104;26;24m▀[38;2;203;195;171;48;2;45;40;32m▀[38;2;191;184;162;48;2;37;35;28m▀[38;2;97;95;89;48;2;23;20;12m▀[38;2;35;34;25;48;2;13;11;7m▀[38;2;116;113;101;48;2;27;25;17m▀[38;2;207;201;179;48;2;42;40;31m▀[38;2;190;181;162;48;2;40;38;29m▀[38;2;133;126;110;48;2;28;25;15m▀[38;2;107;104;92;48;2;31;29;22m▀[38;2;202;197;174;48;2;36;34;28m▀[38;2;161;157;136;48;2;31;29;23m▀[38;2;36;34;25;48;2;11;9;5m▀[38;2;5;4;2;48;2;2;1;1m▀[38;2;0;0;0;48;2;0;0;0m▀▀▀[38;2;33;0;0;48;2;14;1;0m▀[38;2;116;0;0;48;2;110;0;0m▀[38;2;120;0;0;48;2;120;0;0m▀▀[38;2;143;48;48;48;2;123;6;6m▀[38;2;240;228;228;48;2;189;141;141m▀[38;2;191;143;143;48;2;242;233;233m▀[38;2;124;9;9;48;2;191;143;143m▀[38;2;120;0;0;48;2;141;47;47m▀[38;2;119;0;0;48;2;116;30;30m▀[38;2;114;0;0;48;2;89;62;62m▀[38;2;121;4;4;48;2;168;135;135m▀[38;2;181;125;125;48;2;236;224;224m▀[38;2;243;236;236;48;2;184;131;131m▀[38;2;162;88;88;48;2;124;9;9m▀[38;2;119;1;1;48;2;109;0;0m▀[38;2;120;0;0;48;2;73;0;0m▀[38;2;147;57;57;48;2;117;49;49m▀[38;2;245;238;238;48;2;242;236;236m▀[38;2;198;154;154;48;2;215;184;184m▀[38;2;122;4;4;48;2;124;10;10m▀[38;2;89;0;0;48;2;118;0;0m▀[38;2;12;0;0;48;2;89;0;0m▀[38;2;9;0;0;48;2;91;1;1m▀[38;2;4;0;0;48;2;40;2;1m▀[38;2;0;0;0;48;2;0;0;0m▀▀▀▀[0m
[38;2;0;0;0;48;2;0;0;0m▀▀▀▀▀▀▀▀▀[38;2;6;0;0;48;2;3;0;0m▀[38;2;93;0;0;48;2;87;0;0m▀[38;2;120;0;0;48;2;120;0;0m▀▀[38;2;124;5;5m▀[38;2;124;6;6m▀[38;2;125;8;7m▀[38;2;122;4;3m▀[38;2;122;3;3m▀[38;2;124;6;5m▀[38;2;125;8;7m▀[38;2;124;6;6m▀[38;2;122;3;3m▀▀[38;2;124;6;6m▀▀[38;2;122;3;3m▀[38;2;121;1;1m▀[38;2;120;0;0m▀[38;2;122;2;2m▀[38;2;123;5;4m▀[38;2;124;6;6m▀[38;2;123;5;4m▀[38;2;122;3;2m▀[38;2;120;0;0m▀▀▀[38;2;122;3;2m▀[38;2;123;4;3m▀[38;2;124;7;6m▀[38;2;123;5;5m▀[38;2;123;4;4m▀[38;2;123;5;4m▀[38;2;122;4;3m▀[38;2;121;2;2m▀[38;2;122;3;3m▀[38;2;124;6;6m▀▀[38;2;123;4;3m▀[38;2;121;1;1m▀[38;2;120;0;0m▀[38;2;121;2;2m▀[38;2;123;5;4m▀[38;2;124;6;6m▀[38;2;123;5;5m▀[38;2;122;3;2m▀[38;2;120;0;0m▀▀▀▀[38;2;121;1;1m▀[38;2;121;2;2m▀[38;2;121;1;1m▀[38;2;120;0;0m▀[38;2;121;1;1m▀[38;2;116;5;4;48;2;118;0;0m▀[38;2;30;7;4;48;2;61;0;0m▀[38;2;8;7;4;48;2;1;0;0m▀[38;2;4;3;2;48;2;0;0;0m▀[38;2;3;2;1m▀[38;2;4;3;2m▀[38;2;8;6;4m▀[38;2;8;7;4m▀[38;2;5;4;2m▀[38;2;4;3;2m▀[38;2;6;5;3m▀[38;2;4;3;2m▀[38;2;3;2;1m▀[38;2;0;0;0m▀▀▀▀[38;2;2;0;0m▀[38;2;83;0;0;48;2;40;0;0m▀[38;2;120;0;0;48;2;117;0;0m▀[48;2;120;0;0m▀▀[38;2;127;17;17m▀[38;2;186;136;136;48;2;122;4;4m▀[38;2;233;217;217;48;2;135;37;37m▀[38;2;236;222;222;48;2;148;66;66m▀[38;2;226;218;218;48;2;126;68;68m▀[38;2;219;219;219;48;2;55;54;54m▀[38;2;203;203;203;48;2;23;23;23m▀[38;2;117;107;107;48;2;2;2;2m▀[38;2;97;11;11;48;2;10;0;0m▀[38;2;119;0;0;48;2;71;0;0m▀[48;2;117;0;0m▀[38;2;97;0;0;48;2;119;0;0m▀[38;2;36;18;18;48;2;77;0;0m▀[38;2;180;179;179;48;2;17;16;16m▀[38;2;167;130;130;48;2;22;8;8m▀[38;2;119;5;5;48;2;89;0;0m▀[38;2;120;0;0;48;2;120;0;0m▀▀▀[38;2;97;1;0;48;2;119;0;0m▀[38;2;16;0;0;48;2;78;1;1m▀[38;2;0;0;0;48;2;4;1;0m▀[48;2;0;0;0m▀▀[0m
[38;2;0;0;0;48;2;0;0;0m▀▀▀▀▀▀▀▀▀[38;2;3;0;0;48;2;3;0;0m▀[38;2;87;0;0;48;2;78;1;1m▀[38;2;120;0;0;48;2;120;0;0m▀▀▀▀▀▀▀▀▀▀▀▀▀▀▀▀▀▀▀▀▀▀▀▀▀▀▀▀▀▀▀▀▀▀▀▀▀▀▀▀▀▀▀▀▀▀▀▀▀▀▀▀▀[38;2;119;0;0m▀[38;2;99;0;0;48;2;118;0;0m▀[38;2;11;1;1;48;2;49;0;0m▀[38;2;0;0;0;48;2;0;0;0m▀▀▀▀▀▀▀▀▀▀▀▀▀▀▀[38;2;5;0;0m▀[38;2;93;0;0;48;2;42;0;0m▀[38;2;120;0;0;48;2;118;0;0m▀[48;2;120;0;0m▀▀▀▀▀[38;2;112;0;0m▀[38;2;21;0;0;48;2;71;0;0m▀[38;2;0;0;0;48;2;1;0;0m▀[48;2;0;0;0m▀▀[38;2;5;0;0m▀[38;2;67;1;1;48;2;6;0;0m▀[38;2;117;0;0;48;2;72;0;0m▀[38;2;115;0;0;48;2;119;0;0m▀[38;2;52;2;1;48;2;110;0;0m▀[38;2;12;1;1;48;2;38;0;0m▀[38;2;15;0;0;48;2;2;0;0m▀[38;2;51;0;0;48;2;10;0;0m▀[38;2;111;0;0;48;2;43;0;0m▀[38;2;119;0;0;48;2;98;0;0m▀[38;2;120;0;0;48;2;118;0;0m▀[38;2;117;0;0;48;2;120;0;0m▀[38;2;52;0;0;48;2;96;0;0m▀[38;2;0;0;0;48;2;2;0;0m▀[48;2;0;0;0m▀[0m
[38;2;0;0;0;48;2;0;0;0m▀▀▀▀▀▀▀▀▀[38;2;3;0;0;48;2;3;0;0m▀[38;2;78;1;1;48;2;83;0;0m▀[38;2;120;0;0;48;2;120;0;0m▀▀▀▀▀▀▀▀▀▀▀▀▀▀▀▀▀▀▀▀▀▀▀▀▀▀▀▀▀▀▀▀▀▀▀▀▀▀▀▀▀▀▀▀▀▀▀▀▀▀▀▀▀▀▀[38;2;98;0;0;48;2;118;0;0m▀[38;2;9;1;1;48;2;59;0;0m▀[38;2;0;0;0;48;2;1;0;0m▀[48;2;0;0;0m▀▀▀▀▀▀▀▀▀▀▀▀▀▀[38;2;5;0;0m▀[38;2;82;1;1;48;2;29;0;0m▀[38;2;120;0;0;48;2;111;0;0m▀[48;2;120;0;0m▀▀▀▀▀[38;2;114;0;0m▀[38;2;47;0;0;48;2;113;0;0m▀[38;2;1;0;0;48;2;57;0;0m▀[38;2;0;0;0;48;2;5;0;0m▀[48;2;0;0;0m▀▀[38;2;7;0;0m▀[38;2;81;0;0;48;2;14;1;1m▀[38;2;119;0;0;48;2;106;1;1m▀[38;2;99;0;0;48;2;116;0;0m▀[38;2;44;1;1;48;2;68;0;0m▀[38;2;1;0;0;48;2;19;2;1m▀[38;2;4;0;0;48;2;8;3;2m▀[38;2;27;0;0;48;2;1;1;0m▀[38;2;38;0;0;48;2;14;1;1m▀[38;2;108;0;0;48;2;94;0;0m▀[38;2;96;1;0;48;2;45;0;0m▀[38;2;3;1;0;48;2;0;0;0m▀[38;2;0;0;0m▀[0m
[38;2;0;0;0;48;2;0;0;0m▀▀▀▀▀▀▀▀▀[38;2;3;0;0;48;2;9;0;0m▀[38;2;89;0;0;48;2;98;0;0m▀[38;2;119;0;0;48;2;76;0;0m▀[38;2;105;0;0;48;2;13;0;0m▀[38;2;78;0;0;48;2;0;0;0m▀[38;2;75;0;0m▀[38;2;85;0;0;48;2;1;0;0m▀[38;2;106;0;0;48;2;13;0;0m▀[38;2;119;0;0;48;2;58;1;0m▀[38;2;120;0;0;48;2;111;0;0m▀[48;2;120;0;0m▀▀▀▀▀▀▀▀▀▀▀▀▀▀▀▀▀▀▀▀▀▀▀▀▀▀▀▀▀▀▀▀▀▀▀▀▀▀▀▀▀▀▀▀▀▀▀▀[38;2;112;1;0m▀[38;2;33;1;0;48;2;100;0;0m▀[38;2;0;0;0;48;2;15;0;0m▀[48;2;0;0;0m▀▀▀▀▀▀▀▀▀▀▀▀▀▀[38;2;1;0;0m▀[38;2;61;0;0;48;2;7;0;0m▀[38;2;118;0;0;48;2;89;0;0m▀[38;2;120;0;0;48;2;120;0;0m▀▀▀▀▀▀[38;2;117;0;0m▀[38;2;77;0;0m▀[38;2;24;0;0;48;2;107;0;0m▀[38;2;0;0;0;48;2;54;0;0m▀[48;2;6;0;0m▀[38;2;15;1;0;48;2;3;0;0m▀[38;2;98;1;0;48;2;9;0;0m▀[38;2;109;0;0;48;2;10;0;0m▀[38;2;113;0;0;48;2;28;0;0m▀[38;2;82;0;0;48;2;43;2;1m▀[38;2;27;0;0;48;2;21;1;1m▀[38;2;2;0;0;48;2;0;0;0m▀[38;2;25;2;1m▀[38;2;24;0;0m▀[38;2;0;0;0m▀▀▀[0m
[38;2;0;0;0;48;2;0;0;0m▀▀▀▀▀▀▀▀▀[38;2;27;0;0;48;2;13;0;0m▀[38;2;86;0;0;48;2;14;1;1m▀[38;2;7;0;0;48;2;0;0;0m▀[38;2;0;0;0m▀▀▀▀▀▀[38;2;35;0;0m▀[38;2;106;0;0;48;2;31;0;0m▀[38;2;120;0;0;48;2;111;0;0m▀[48;2;120;0;0m▀▀▀▀▀▀▀▀▀▀▀▀▀▀▀▀▀▀▀▀▀▀▀▀▀▀▀▀▀▀▀▀▀▀▀▀▀▀▀▀▀▀▀▀▀▀▀[38;2;119;0;0m▀[38;2;89;1;1;48;2;119;0;0m▀[38;2;14;0;0;48;2;90;0;0m▀[38;2;0;0;0;48;2;13;0;0m▀[48;2;0;0;0m▀▀▀▀▀▀▀▀▀▀▀▀▀▀[38;2;23;0;0m▀[38;2;107;0;0;48;2;42;1;1m▀[38;2;120;0;0;48;2;113;0;0m▀[48;2;120;0;0m▀▀▀▀▀▀▀[38;2;116;0;0m▀[38;2;85;0;0;48;2;119;0;0m▀[38;2;21;0;0;48;2;106;0;0m▀[38;2;0;0;0;48;2;48;0;0m▀[48;2;3;0;0m▀[48;2;0;0;0m▀▀▀▀▀▀▀▀▀[0m
