[0m[38;2;120;0;0;48;2;48;1;0m▀[48;2;68;0;0m▀[48;2;107;0;0m▀[48;2;120;0;0m▀▀▀▀▀▀▀▀▀▀▀▀▀▀▀▀▀▀▀▀▀▀▀▀▀▀▀▀▀▀▀▀▀▀▀▀▀▀▀▀▀▀▀[48;2;118;0;0m▀[38;2;92;0;0;48;2;33;0;0m▀[38;2;3;0;0;48;2;0;0;0m▀[38;2;0;0;0m▀▀▀▀▀▀▀▀▀▀[38;2;55;1;0;48;2;22;0;0m▀[38;2;90;1;0;48;2;116;0;0m▀[38;2;5;0;0;48;2;50;0;0m▀[38;2;94;0;0;48;2;74;0;0m▀[38;2;33;0;0;48;2;71;1;0m▀[38;2;0;0;0;48;2;0;0;0m▀▀▀▀▀▀▀▀▀▀▀▀▀▀▀▀[0m
[38;2;0;0;0;48;2;0;0;0m▀▀[38;2;8;0;0m▀[38;2;74;0;0;48;2;2;0;0m▀[38;2;119;0;0;48;2;67;0;0m▀[38;2;120;0;0;48;2;120;0;0m▀▀▀▀▀▀▀▀▀▀▀▀▀▀▀▀▀▀▀▀▀▀[48;2;121;1;1m▀[38;2;122;3;3;48;2;138;38;33m▀[38;2;128;14;13;48;2;187;137;123m▀[38;2;128;14;14;48;2;183;131;118m▀[38;2;122;4;3;48;2;131;19;19m▀[38;2;122;3;3;48;2;137;33;31m▀[38;2;123;4;4;48;2;165;96;85m▀[38;2;121;2;2;48;2;130;20;18m▀[38;2;120;0;0;48;2;121;1;1m▀[48;2;120;0;0m▀▀▀▀▀▀▀▀▀▀[38;2;93;1;1;48;2;66;15;9m▀[38;2;7;4;2;48;2;91;88;78m▀[38;2;4;3;1;48;2;47;45;37m▀[38;2;0;0;0;48;2;4;3;2m▀[48;2;0;0;0m▀▀▀▀▀▀▀▀▀[38;2;5;0;0m▀[38;2;99;0;0;48;2;56;0;0m▀[38;2;111;0;0;48;2;120;0;0m▀[38;2;65;0;0;48;2;109;0;0m▀[38;2;110;0;0;48;2;119;0;0m▀[38;2;14;0;0;48;2;70;1;0m▀[38;2;0;0;0;48;2;1;0;0m▀[48;2;0;0;0m▀▀▀▀▀▀▀▀▀▀▀▀▀▀[0m
[38;2;0;0;0;48;2;0;0;0m▀▀▀▀[38;2;6;0;0m▀[38;2;95;0;0;48;2;44;0;0m▀[38;2;120;0;0;48;2;120;0;0m▀▀▀[48;2;121;2;2m▀[48;2;124;6;5m▀[48;2;123;5;5m▀[48;2;125;8;7m▀▀[48;2;123;4;4m▀[48;2;124;6;6m▀[48;2;125;8;8m▀[48;2;122;4;3m▀[48;2;120;0;0m▀▀[48;2;121;1;1m▀[48;2;123;4;4m▀[48;2;124;7;6m▀[48;2;122;4;3m▀[48;2;120;0;0m▀▀[48;2;122;3;3m▀[38;2;121;1;1;48;2;124;7;6m▀[38;2;137;32;30;48;2;133;23;22m▀[38;2;199;161;143;48;2;183;127;114m▀[38;2;212;183;167;48;2;211;183;167m▀[38;2;139;34;34;48;2;138;34;34m▀[38;2;155;73;65;48;2;131;20;20m▀[38;2;219;203;179;48;2;139;38;37m▀[38;2;137;34;32;48;2;128;14;13m▀[38;2;121;1;1;48;2;120;0;0m▀[38;2;120;0;0;48;2;121;1;1m▀[48;2;123;4;4m▀[48;2;124;7;6m▀[48;2;123;4;4m▀[48;2;121;2;2m▀[48;2;124;6;6m▀[48;2;126;10;10m▀[48;2;123;5;4m▀[48;2;122;4;3m▀[38;2;119;1;1;48;2;115;8;7m▀[38;2;52;26;18;48;2;26;15;9m▀[38;2;191;186;165;48;2;40;38;27m▀[38;2;99;96;85;48;2;25;23;15m▀[38;2;6;5;3;48;2;3;3;1m▀[38;2;0;0;0;48;2;3;2;1m▀[48;2;5;5;3m▀[48;2;8;6;4m▀[48;2;7;5;3m▀[48;2;2;1;1m▀[48;2;0;0;0m▀▀▀▀▀[38;2;14;0;0m▀[38;2;106;0;0;48;2;38;0;0m▀[38;2;129;20;20;48;2;156;75;75m▀[38;2;184;127;127;48;2;237;224;224m▀[38;2;121;11;11;48;2;129;23;23m▀[38;2;43;0;0;48;2;115;0;0m▀[38;2;0;0;0;48;2;48;0;0m▀[48;2;5;0;0m▀[38;2;6;1;1;48;2;27;12;12m▀[38;2;69;64;64;48;2;227;216;216m▀[38;2;29;29;29;48;2;93;93;93m▀[38;2;0;0;0;48;2;0;0;0m▀[38;2;21;21;21;48;2;72;72;72m▀[38;2;134;134;134;48;2;232;232;232m▀[38;2;17;17;17;48;2;30;30;30m▀[38;2;0;0;0;48;2;0;0;0m▀▀▀▀▀[0m
[38;2;0;0;0;48;2;0;0;0m▀▀▀▀▀[38;2;8;0;0m▀[38;2;104;0;0;48;2;74;0;0m▀[38;2;120;0;0;48;2;120;0;0m▀[38;2;122;2;2;48;2;122;4;3m▀[38;2;138;36;33;48;2;156;74;67m▀[38;2;166;97;85;48;2;224;210;189m▀[38;2;151;64;58;48;2;196;160;138m▀[38;2;167;99;89;48;2;165;92;83m▀[38;2;171;106;95;48;2;210;184;164m▀[38;2;147;52;50;48;2;210;186;164m▀[38;2;159;83;73;48;2;169;101;91m▀[38;2;175;113;103;48;2;191;147;129m▀[38;2;146;53;49;48;2;210;185;164m▀[38;2;124;7;7;48;2;137;33;32m▀[38;2;122;3;3;48;2;134;27;26m▀[38;2;134;26;25;48;2;190;144;129m▀[38;2;158;81;71;48;2;187;139;124m▀[38;2;167;100;88;48;2;164;90;83m▀[38;2;149;59;54;48;2;218;199;177m▀[38;2;128;14;13;48;2;155;72;66m▀[38;2;125;8;8;48;2;143;45;43m▀[38;2;141;40;38;48;2;207;178;158m▀[38;2;169;103;92;48;2;193;149;133m▀[38;2;171;106;95;48;2;163;87;79m▀[38;2;191;146;128;48;2;207;180;158m▀[38;2;212;183;167;48;2;213;186;169m▀[38;2;140;36;36;48;2;142;41;40m▀[38;2;148;58;53;48;2;173;111;100m▀[38;2;170;105;94;48;2;232;224;202m▀[38;2;134;27;26;48;2;150;58;56m▀[38;2;123;5;4;48;2;134;26;26m▀[38;2;133;24;23;48;2;187;138;124m▀[38;2;157;79;70;48;2;190;145;128m▀[38;2;167;100;88;48;2;163;87;81m▀[38;2;150;62;56;48;2;217;197;176m▀[38;2;133;23;22;48;2;160;81;74m▀[38;2;159;83;75;48;2;160;83;76m▀[38;2;174;112;100;48;2;230;223;200m▀[38;2;158;81;73;48;2;168;97;88m▀[38;2;140;41;37;48;2;142;40;40m▀[38;2;159;99;87;48;2;186;147;130m▀[38;2;75;71;62;48;2;95;90;80m▀[38;2;99;96;86;48;2;204;199;177m▀[38;2;66;64;54;48;2;135;133;121m▀[38;2;11;9;5;48;2;25;23;15m▀[38;2;32;30;23;48;2;131;127;113m▀[38;2;84;81;70;48;2;137;133;118m▀[38;2;102;100;90;48;2;66;65;59m▀[38;2;93;91;82;48;2;197;190;169m▀[38;2;27;25;19;48;2;104;102;91m▀[38;2;3;2;1;48;2;11;9;6m▀[38;2;0;0;0;48;2;0;0;0m▀▀▀▀[38;2;1;0;0;48;2;37;1;0m▀[38;2;72;0;0;48;2;118;0;0m▀[38;2;175;111;111;48;2;198;153;153m▀[38;2;215;185;185;48;2;191;141;141m▀[38;2;122;4;4;48;2;120;0;0m▀[38;2;120;0;0m▀[38;2;118;0;0m▀[38;2;97;1;0m▀[38;2;112;37;36;48;2;145;52;52m▀[38;2;244;238;238;48;2;242;232;232m▀[38;2;81;69;69;48;2;126;39;39m▀[38;2;0;0;0;48;2;50;1;1m▀[38;2;116;116;116;48;2;161;159;159m▀[38;2;201;201;201;48;2;152;152;152m▀[38;2;9;9;9;48;2;0;0;0m▀[38;2;0;0;0m▀▀▀▀▀[0m
[38;2;0;0;0;48;2;0;0;0m▀▀▀▀▀▀[38;2;40;0;0;48;2;18;1;0m▀[38;2;120;0;0;48;2;114;0;0m▀[38;2;121;1;1;48;2;121;1;1m▀[38;2;139;36;35;48;2;137;33;32m▀[38;2;215;191;170;48;2;214;191;170m▀[38;2;181;123;113;48;2;178;114;107m▀[38;2;139;35;35;48;2;135;26;26m▀[38;2;187;136;123;48;2;184;130;117m▀[38;2;211;183;166;48;2;209;178;163m▀[38;2;143;43;42;48;2;139;35;35m▀[38;2;162;83;78;48;2;159;77;73m▀[38;2;226;215;191;48;2;227;216;192m▀[38;2;147;53;51;48;2;150;58;56m▀[38;2;155;71;66;48;2;165;93;83m▀[38;2;231;222;200;48;2;234;226;205m▀[38;2;194;152;137;48;2;162;83;77m▀[38;2;184;130;120;48;2;135;27;27m▀[38;2;204;170;155;48;2;133;23;23m▀[38;2;166;93;87;48;2;134;25;25m▀[38;2;173;108;97;48;2;184;129;117m▀[38;2;225;215;191;48;2;220;203;180m▀[38;2;152;62;59;48;2;144;46;44m▀[38;2;134;25;25;48;2;129;16;15m▀[38;2;183;128;115;48;2;181;124;111m▀[38;2;211;183;167;48;2;211;183;167m▀[38;2;140;36;36;48;2;139;36;36m▀[38;2;153;64;61;48;2;152;62;59m▀[38;2;228;219;195;48;2;228;219;195m▀[38;2;154;66;64;48;2;155;67;65m▀[38;2;153;66;62;48;2;163;88;79m▀[38;2;230;221;198;48;2;234;228;206m▀[38;2;196;155;140;48;2;164;88;82m▀[38;2;183;130;120;48;2;136;28;28m▀[38;2;203;168;154;48;2;133;23;23m▀[38;2;165;92;86;48;2;128;14;14m▀[38;2;142;41;40;48;2;129;15;14m▀[38;2;209;181;161;48;2;174;111;100m▀[38;2;192;148;133;48;2;221;205;182m▀[38;2;151;62;58;48;2;179;125;108m▀[38;2;163;104;89;48;2;143;49;44m▀[38;2;53;43;35;48;2;64;33;30m▀[38;2;179;174;157;48;2;178;172;153m▀[38;2;137;135;122;48;2;139;136;123m▀[38;2;22;20;14;48;2;25;23;15m▀[38;2;43;40;29;48;2;55;53;46m▀[38;2;51;48;36;48;2;145;141;125m▀[38;2;79;77;68;48;2;133;129;113m▀[38;2;204;198;176;48;2;189;184;164m▀[38;2;139;137;124;48;2;141;139;125m▀[38;2;14;13;9;48;2;17;15;11m▀[38;2;0;0;0;48;2;0;0;0m▀▀▀[38;2;6;0;0;48;2;37;1;0m▀[38;2;102;0;0;48;2;119;0;0m▀[38;2;122;5;5;48;2;123;9;9m▀[38;2;220;195;195;48;2;231;214;214m▀[38;2;175;107;107;48;2;164;87;87m▀[38;2;120;0;0;48;2;120;0;0m▀▀▀▀[38;2;150;62;62;48;2;166;93;93m▀[38;2;233;217;217;48;2;229;209;209m▀[38;2;128;18;18;48;2;125;12;12m▀[38;2;120;2;2;48;2;124;10;10m▀[38;2;211;184;184;48;2;229;211;211m▀[38;2;108;107;107;48;2;103;80;80m▀[38;2;0;0;0;48;2;0;0;0m▀▀▀▀▀▀[0m
[38;2;0;0;0;48;2;0;0;0m▀▀▀▀▀▀[38;2;6;0;0;48;2;1;0;0m▀[38;2;104;0;0;48;2;89;0;0m▀[38;2;121;1;1;48;2;122;4;3m▀[38;2;139;35;34;48;2;155;73;67m▀[38;2;214;191;170;48;2;219;202;178m▀[38;2;178;116;108;48;2;194;155;136m▀[38;2;136;29;29;48;2;148;55;52m▀[38;2;185;131;118;48;2;201;167;148m▀[38;2;209;179;163;48;2;214;194;171m▀[38;2;140;37;37;48;2;153;68;63m▀[38;2;160;79;75;48;2;179;124;110m▀[38;2;227;216;192;48;2;225;215;190m▀[38;2;150;57;55;48;2;165;94;85m▀[38;2;151;62;58;48;2;134;25;25m▀[38;2;227;216;194;48;2;174;111;100m▀[38;2;176;116;104;48;2;212;189;166m▀[38;2;136;29;29;48;2;187;140;124m▀[38;2;138;37;34;48;2;179;127;112m▀[38;2;137;35;31;48;2;135;30;28m▀[38;2;165;93;84;48;2;136;30;29m▀[38;2;226;215;191;48;2;188;139;125m▀[38;2;154;67;64;48;2;201;167;146m▀[38;2;136;29;29;48;2;175;115;104m▀[38;2;189;141;126;48;2;190;147;127m▀[38;2;215;191;172;48;2;221;206;182m▀[38;2;144;44;43;48;2;163;89;79m▀[38;2;153;65;62;48;2;172;109;98m▀[38;2;228;219;195;48;2;226;216;191m▀[38;2;155;69;66;48;2;172;109;97m▀[38;2;149;57;55;48;2;135;27;27m▀[38;2;225;214;191;48;2;172;106;95m▀[38;2;180;124;110;48;2;212;189;167m▀[38;2;137;31;30;48;2;188;141;125m▀[38;2;137;35;32;48;2;180;129;113m▀[38;2;133;29;25;48;2;135;31;29m▀[38;2;123;5;4;48;2;121;2;1m▀[38;2;146;51;49;48;2;130;18;18m▀[38;2;222;207;186;48;2;185;137;122m▀[38;2;194;154;134;48;2;168;100;90m▀[38;2;133;24;23;48;2;127;13;12m▀[38;2;88;31;28;48;2;126;53;48m▀[38;2;180;174;154;48;2;198;192;173m▀[38;2;139;136;123;48;2;170;166;149m▀[38;2;39;36;27;48;2;50;49;41m▀[38;2;160;158;146;48;2;144;141;127m▀[38;2;176;171;151;48;2;211;205;184m▀[38;2;73;72;68;48;2;145;138;123m▀[38;2;185;180;158;48;2;163;159;142m▀[38;2;147;144;129;48;2;200;195;173m▀[38;2;31;29;23;48;2;73;70;60m▀[38;2;1;1;0;48;2;3;3;1m▀[38;2;0;0;0;48;2;0;0;0m▀▀[38;2;64;0;0;48;2;68;0;0m▀[38;2;120;0;0;48;2;120;0;0m▀[38;2;123;8;8;48;2;121;2;2m▀[38;2;229;211;211;48;2;201;160;160m▀[38;2;165;89;89;48;2;192;141;141m▀[38;2;120;0;0;48;2;121;2;2m▀[48;2;120;0;0m▀[48;2;119;0;0m▀[48;2;126;14;14m▀[38;2;184;128;128;48;2;224;201;201m▀[38;2;214;182;182;48;2;177;114;114m▀[38;2;122;4;4;48;2;120;0;0m▀[38;2;130;22;22;48;2;139;40;40m▀[38;2;238;227;227;48;2;243;235;235m▀[38;2;122;49;49;48;2;140;44;44m▀[38;2;6;0;0;48;2;66;0;0m▀[38;2;0;0;0;48;2;2;0;0m▀▀[48;2;0;0;0m▀▀▀[0m
[38;2;0;0;0;48;2;0;0;0m▀▀▀▀▀▀▀[38;2;77;0;0;48;2;67;0;0m▀[38;2;121;1;1;48;2;120;0;0m▀[38;2;131;24;22;48;2;121;1;1m▀[38;2;144;50;47;48;2;122;2;2m▀[38;2;140;42;39;48;2;122;3;2m▀[38;2;132;23;22;48;2;121;1;1m▀[38;2;142;46;43;48;2;121;2;2m▀[38;2;144;48;45;48;2;122;3;3m▀[38;2;133;25;24;48;2;121;2;1m▀[38;2;138;38;36;48;2;121;1;1m▀[38;2;144;50;47;48;2;121;2;2m▀[38;2;134;30;28;48;2;121;1;1m▀[38;2;123;5;5;48;2;120;0;0m▀[38;2;129;16;15m▀[38;2;140;40;38;48;2;121;2;2m▀[38;2;142;45;43;48;2;122;3;2m▀[38;2;131;21;19;48;2;121;1;1m▀[38;2;122;4;4;48;2;120;0;0m▀[38;2;122;4;3m▀[38;2;131;20;20;48;2;121;1;1m▀[38;2;141;43;40;48;2;121;2;2m▀[38;2;139;40;37m▀[38;2;136;30;29m▀[38;2;140;41;38m▀[38;2;132;22;21;48;2;120;0;0m▀[38;2;136;34;32;48;2;121;2;1m▀[38;2;144;50;47;48;2;121;2;2m▀[38;2;136;34;32;48;2;121;1;1m▀[38;2;123;6;5;48;2;120;0;0m▀[38;2;128;15;14m▀[38;2;139;39;37;48;2;121;2;2m▀[38;2;142;46;43;48;2;122;3;2m▀[38;2;131;22;20;48;2;121;1;1m▀[38;2;122;4;3;48;2;120;0;0m▀[38;2;120;0;0m▀[38;2;122;3;2m▀[38;2;131;21;20m▀[38;2;128;15;14m▀[38;2;122;4;3m▀[38;2;125;19;18;48;2;121;1;1m▀[38;2;65;49;41;48;2;61;2;2m▀[38;2;47;44;36;48;2;2;2;1m▀[38;2;18;16;11;48;2;1;1;0m▀[38;2;30;27;20m▀[38;2;53;51;41;48;2;3;2;1m▀[38;2;37;34;25m▀[38;2;33;31;25;48;2;2;2;1m▀[38;2;46;44;37m▀[38;2;15;13;8;48;2;1;1;0m▀[38;2;1;1;0;48;2;0;0;0m▀[38;2;0;0;0m▀▀[38;2;47;1;0;48;2;13;0;0m▀[38;2;120;0;0;48;2;112;0;0m▀[48;2;120;0;0m▀[38;2;145;53;53m▀[38;2;233;217;217;48;2;145;53;53m▀[38;2;181;122;122;48;2;196;148;148m▀[38;2;135;44;44;48;2;203;173;173m▀[38;2;110;73;73;48;2;161;159;159m▀[38;2;198;167;167;48;2;100;100;100m▀[38;2;203;163;163;48;2;48;13;13m▀[38;2;126;14;14;48;2;108;0;0m▀[38;2;97;0;0;48;2;119;0;0m▀[38;2;98;37;37;48;2;62;7;7m▀[38;2;244;239;239;48;2;107;106;106m▀[38;2;154;70;70;48;2;96;22;22m▀[38;2;117;0;0;48;2;120;0;0m▀[38;2;79;1;1m▀[38;2;65;1;1;48;2;115;0;0m▀[38;2;0;0;0;48;2;35;0;0m▀[48;2;0;0;0m▀▀[0m
[38;2;0;0;0;48;2;0;0;0m▀▀▀▀▀▀▀[38;2;63;0;0;48;2;57;1;1m▀[38;2;120;0;0;48;2;120;0;0m▀▀▀▀▀▀▀▀▀▀▀▀▀▀▀▀▀▀▀▀▀▀▀▀▀▀▀▀▀▀▀▀▀▀▀▀▀▀▀[38;2;98;0;0;48;2;119;0;0m▀[38;2;5;1;0;48;2;45;0;0m▀[38;2;0;0;0;48;2;0;0;0m▀▀▀▀▀▀▀▀▀▀▀[38;2;69;0;0;48;2;16;0;0m▀[38;2;120;0;0;48;2;110;0;0m▀[48;2;120;0;0m▀▀▀[38;2;118;1;1m▀[38;2;27;0;0;48;2;83;0;0m▀[38;2;0;0;0;48;2;3;0;0m▀[48;2;0;0;0m▀[38;2;21;0;0m▀[38;2;102;0;0;48;2;20;0;0m▀[38;2;111;0;0;48;2;106;0;0m▀[38;2;33;1;1;48;2;102;0;0m▀[38;2;23;1;0;48;2;22;1;0m▀[38;2;68;0;0;48;2;7;0;0m▀[38;2;117;0;0;48;2;50;0;0m▀[38;2;120;0;0;48;2;97;0;0m▀[38;2;107;1;0;48;2;119;0;0m▀[38;2;14;0;0;48;2;50;1;0m▀[38;2;0;0;0;48;2;0;0;0m▀[0m
[38;2;0;0;0;48;2;0;0;0m▀▀▀▀▀▀▀[38;2;59;0;0;48;2;67;0;0m▀[38;2;120;0;0;48;2;115;0;0m▀[48;2;76;0;0m▀[48;2;66;0;0m▀[48;2;78;0;0m▀[48;2;110;0;0m▀[48;2;120;0;0m▀▀▀▀▀▀▀▀▀▀▀▀▀▀▀▀▀▀▀▀▀▀▀▀▀▀▀▀▀▀▀▀▀▀▀[38;2;101;1;0m▀[38;2;8;0;0;48;2;74;1;0m▀[38;2;0;0;0;48;2;2;0;0m▀[48;2;0;0;0m▀▀▀▀▀▀▀▀▀▀[38;2;56;1;0;48;2;6;0;0m▀[38;2;119;0;0;48;2;89;0;0m▀[38;2;120;0;0;48;2;120;0;0m▀▀▀[38;2;119;0;0m▀[38;2;72;0;0m▀[38;2;7;0;0;48;2;92;0;0m▀[38;2;0;0;0;48;2;28;0;0m▀[48;2;0;0;0m▀[38;2;27;0;0;48;2;10;1;0m▀[38;2;114;0;0;48;2;87;0;0m▀[38;2;88;0;0;48;2;100;0;0m▀[38;2;10;1;1;48;2;85;1;0m▀[38;2;4;1;1;48;2;19;0;0m▀[38;2;5;0;0;48;2;13;1;1m▀[38;2;97;0;0;48;2;25;0;0m▀[38;2;29;0;0;48;2;1;0;0m▀[38;2;0;0;0;48;2;0;0;0m▀[0m
[38;2;0;0;0;48;2;0;0;0m▀▀▀▀▀▀[38;2;1;0;0;48;2;4;0;0m▀[38;2;80;0;0;48;2;30;1;1m▀[38;2;32;0;0;48;2;0;0;0m▀[38;2;0;0;0m▀▀[38;2;1;0;0m▀[38;2;15;0;0m▀[38;2;81;1;0;48;2;5;0;0m▀[38;2;120;0;0;48;2;77;0;0m▀[48;2;120;0;0m▀▀▀▀▀▀▀▀▀▀▀▀▀▀▀▀▀▀▀▀▀▀▀▀▀▀▀▀▀▀▀▀▀▀[38;2;119;0;0m▀[38;2;52;0;0;48;2;116;0;0m▀[38;2;1;0;0;48;2;54;0;0m▀[38;2;0;0;0;48;2;1;0;0m▀[48;2;0;0;0m▀▀▀▀▀▀▀▀▀[38;2;21;0;0m▀[38;2;111;0;0;48;2;41;1;0m▀[38;2;120;0;0;48;2;116;0;0m▀[48;2;120;0;0m▀▀▀▀[38;2;115;0;0m▀[38;2;65;0;0m▀[38;2;7;0;0;48;2;97;0;0m▀[38;2;2;0;0;48;2;29;0;0m▀[38;2;5;0;0;48;2;0;0;0m▀[38;2;14;1;1m▀[38;2;3;0;0m▀[38;2;0;0;0m▀▀▀▀[0m
